var	rel.inf
Tpx2	Tpx2	6.28332438448811
Clu	Clu	5.91156181269862
Ccnd2	Ccnd2	3.87754311285942
Eef1a1	Eef1a1	3.06977937368961
Ptma	Ptma	2.38608537773564
Rbbp7	Rbbp7	2.24532281557263
Rps25	Rps25	2.11874427715724
Ccnb2	Ccnb2	1.44908576980349
Aldoc	Aldoc	1.4115438609893
Tmsb4x	Tmsb4x	1.10649215207513
Rbm26	Rbm26	1.02454046241319
Fabp7	Fabp7	1.00385769941194
Dcx	Dcx	0.986927925012574
Glul	Glul	0.969025502477484
Tead1	Tead1	0.889435581009867
Plp1	Plp1	0.866863495906456
Cst3	Cst3	0.779269857812495
Rpl32	Rpl32	0.724734277765874
Cenpa	Cenpa	0.723560166704106
Gm13826	Gm13826	0.711883118710572
Ppp1ca	Ppp1ca	0.67200975798451
Dek	Dek	0.63147255011268
Cenpp	Cenpp	0.620259603392244
Arhgdia	Arhgdia	0.60934019152963
X0610007P14Rik	X0610007P14Rik	0.60300079337186
Sox8	Sox8	0.592911429245441
Rpl36al	Rpl36al	0.587414992086312
Nono	Nono	0.577612889878597
X0610010K14Rik	X0610010K14Rik	0.567018972201842
Rps11	Rps11	0.549565987256438
Rpl36	Rpl36	0.537034910330033
Sox11	Sox11	0.531336745878264
Htra1	Htra1	0.531205936366089
Fkbp3	Fkbp3	0.490582141948375
Gpr37l1	Gpr37l1	0.48444317253354
Dlx2	Dlx2	0.473797777062924
Rps8	Rps8	0.451680921546409
Cbx3	Cbx3	0.44954032426891
Hmgb2	Hmgb2	0.444698908529681
Gadd45g	Gadd45g	0.443781108017156
Lars2	Lars2	0.440516414870179
Set	Set	0.413235880082003
Dut	Dut	0.399113317776075
Rpl41	Rpl41	0.392826275572384
Whsc1	Whsc1	0.392094067763956
Apoe	Apoe	0.388083409865974
Cbs	Cbs	0.3840028596062
Rpl35	Rpl35	0.383149606588782
Rpa1	Rpa1	0.379801446705093
Ube2e3	Ube2e3	0.3787196901158
Actb	Actb	0.37546857904852
Csnk1a1	Csnk1a1	0.372991161210164
Dpysl2	Dpysl2	0.366694505111609
Rps26	Rps26	0.361881468886209
Igfbpl1	Igfbpl1	0.344252717280641
Sri	Sri	0.341810335555609
Mettl9	Mettl9	0.335354496157216
Brd3	Brd3	0.331576816602208
Med22	Med22	0.324301162704578
Ckap4	Ckap4	0.31278859431693
Rps13	Rps13	0.309714003039425
Etv5	Etv5	0.302761893679541
Gm6654	Gm6654	0.300353364590639
Coro1c	Coro1c	0.298018717939617
Tubb3	Tubb3	0.284202454553166
Rad21	Rad21	0.275299530217316
Hmmr	Hmmr	0.272023472131511
Cdk2ap1	Cdk2ap1	0.27055106527608
Jag1	Jag1	0.267187360978807
Slbp	Slbp	0.261535887204569
Ncl	Ncl	0.259238677701856
Rps3a1	Rps3a1	0.258396448304774
Skil	Skil	0.256516497567209
Krr1	Krr1	0.245533742001408
Brcc3	Brcc3	0.244851639918051
Anks1	Anks1	0.23977571331152
Hes6	Hes6	0.237408390275844
Mllt11	Mllt11	0.236832089328176
Rsrc2	Rsrc2	0.235644404277351
Rcor2	Rcor2	0.22852568094402
Psmb6	Psmb6	0.223411361903604
Son	Son	0.212940306776738
Nipsnap3b	Nipsnap3b	0.209055894353197
Gja1	Gja1	0.20814337520953
Ubap2l	Ubap2l	0.205354763375549
Canx	Canx	0.201403103647903
Gpr98	Gpr98	0.199028572228764
Eif4a1	Eif4a1	0.198764321232694
Pfn2	Pfn2	0.195987999081043
Alyref	Alyref	0.184607278374669
Nop10	Nop10	0.183861656702019
Zfp326	Zfp326	0.18272406633126
Tpm3	Tpm3	0.182011501308954
Ckap2l	Ckap2l	0.181783530816913
Nfib	Nfib	0.177893023406204
G3bp1	G3bp1	0.175371551888735
Mrpl33	Mrpl33	0.174914898947243
Mfap2	Mfap2	0.174366563679271
Mad2l1	Mad2l1	0.172394462957522
Poldip3	Poldip3	0.171523459549791
Slc1a2	Slc1a2	0.171125061357389
Taldo1	Taldo1	0.168974400816863
X1810037I17Rik	X1810037I17Rik	0.166917903235901
Cd81	Cd81	0.1658462116951
Bcan	Bcan	0.165280756836317
Rad23b	Rad23b	0.163393621963809
Ncam1	Ncam1	0.163257355492853
Gt.ROSA.26Sor	Gt.ROSA.26Sor	0.163149680902751
Hnrnpu	Hnrnpu	0.161427813657622
Nfe2l1	Nfe2l1	0.158976820901359
Acat1	Acat1	0.157488264942286
Malat1	Malat1	0.155756377452866
Rnf138	Rnf138	0.153484915631416
Tipin	Tipin	0.153415233988154
Atp5k	Atp5k	0.151610471125794
Ndufs4	Ndufs4	0.149663935352129
Vapa	Vapa	0.147481155091823
Actr2	Actr2	0.147410838017658
Top1	Top1	0.147322395160656
Lrfn4	Lrfn4	0.143201694412609
Ube2c	Ube2c	0.142510753149084
Pdcd4	Pdcd4	0.138577913084505
Rps19	Rps19	0.137024852144566
Itpa	Itpa	0.133528674413621
Dnajc9	Dnajc9	0.133499069915913
H2afz	H2afz	0.133213144245965
Slc20a1	Slc20a1	0.131863240648474
Dcun1d5	Dcun1d5	0.130840184940845
Fam89b	Fam89b	0.128674092059046
Eif5a	Eif5a	0.128035572153636
H3f3b	H3f3b	0.126788900707989
Ddx39b	Ddx39b	0.126467315809443
Birc5	Birc5	0.124317669392723
Map4k4	Map4k4	0.122813996385748
Miat	Miat	0.121588882633138
X2900092D14Rik	X2900092D14Rik	0.120540859540776
Prkrip1	Prkrip1	0.118471960913556
Usp39	Usp39	0.117182401627719
Snd1	Snd1	0.116548969577351
Ncan	Ncan	0.116016125286376
Syne2	Syne2	0.114763352747393
Prdx2	Prdx2	0.112707673989515
Prc1	Prc1	0.11192598168368
S1pr1	S1pr1	0.111699601610801
Cox7a2	Cox7a2	0.111442799587273
Rps18	Rps18	0.110391499680917
Smc2	Smc2	0.109215691285842
Calm2	Calm2	0.109197813606082
Ddx42	Ddx42	0.109085849918514
Tmx2	Tmx2	0.108855729284974
Sfpq	Sfpq	0.108201310046357
Bnip2	Bnip2	0.10806714240437
Hnrnpm	Hnrnpm	0.106440944029087
Rps27a	Rps27a	0.105715409540044
Nrxn3	Nrxn3	0.104658105053419
Cat	Cat	0.102552175375125
Dlx6as1	Dlx6as1	0.101215507318035
Tmem242	Tmem242	0.101133228662633
Bcas2	Bcas2	0.100923476040581
Polr3k	Polr3k	0.0994441927349978
Xpo1	Xpo1	0.0993827682117976
Eif2s3y	Eif2s3y	0.0986619523999042
Zfp706	Zfp706	0.0982892964850614
F3	F3	0.0980180433660325
Caprin1	Caprin1	0.0954191231894259
Cdk1	Cdk1	0.0953411485091664
Spin1	Spin1	0.0952957600656811
Ddx1	Ddx1	0.0951865472007798
Sephs1	Sephs1	0.094467509702555
Dhx36	Dhx36	0.0942429930230838
Slc25a5	Slc25a5	0.0939821165002102
Ppap2b	Ppap2b	0.0928178755412753
Pla2g7	Pla2g7	0.0924031463912324
Akap9	Akap9	0.0914228433894863
Repin1	Repin1	0.0908758155305074
Pabpn1	Pabpn1	0.0906979423368905
Mir682	Mir682	0.0888957971516972
Dhfr	Dhfr	0.0887675095917973
Rnf122	Rnf122	0.0874854555239877
Rnps1	Rnps1	0.0866613474308948
Hat1	Hat1	0.0866134284244757
Nfia	Nfia	0.0864707500597733
Tbca	Tbca	0.0857492485253138
Cdk14	Cdk14	0.0836912773973523
Commd1	Commd1	0.0828715090332242
Gramd1a	Gramd1a	0.0813613682929134
Hbs1l	Hbs1l	0.0813505815745632
Iqgap3	Iqgap3	0.080172005021625
Zfp36l1	Zfp36l1	0.0799553676074059
Baz1b	Baz1b	0.0791873313679929
Ssb	Ssb	0.0789219326238582
Larp7	Larp7	0.0785356923478121
Btf3	Btf3	0.0785190813046117
Ampd3	Ampd3	0.0778734719215193
Mrpl20	Mrpl20	0.0776157223727458
Gria2	Gria2	0.0769097079730336
Mtf2	Mtf2	0.0767428789680484
Nuf2	Nuf2	0.0762678827920136
Ltn1	Ltn1	0.0761054704131528
Mrpl27	Mrpl27	0.0758047393967628
Cks2	Cks2	0.0746360570677356
Gas1	Gas1	0.074617349613538
Gna11	Gna11	0.0732140192487599
Taf7	Taf7	0.0728303973068798
Dctpp1	Dctpp1	0.0725261344854525
Ccdc25	Ccdc25	0.07245346379976
Smc3	Smc3	0.0722933373420022
Acbd5	Acbd5	0.0718887462382205
Sgol1	Sgol1	0.0713399200076825
Litaf	Litaf	0.0713371930247174
Cdca8	Cdca8	0.0707070008080368
Nmral1	Nmral1	0.0705115514367171
Mdh2	Mdh2	0.069993996733047
Tceb1	Tceb1	0.069651394835857
Hnrnpd	Hnrnpd	0.0695057965002944
Chd3	Chd3	0.0685613655251119
Txnl1	Txnl1	0.0672290906067902
Pcna	Pcna	0.0668725873516177
Prdx3	Prdx3	0.0667777304862914
Psma3	Psma3	0.0666051315133992
Dync1li1	Dync1li1	0.0661533265947164
Pola1	Pola1	0.0651229887102784
Pcnt	Pcnt	0.0635636299195958
Rpl7	Rpl7	0.0634639157851838
Sall3	Sall3	0.063181092596767
Fam53b	Fam53b	0.0630194558605718
Pak3	Pak3	0.0628763629474168
Decr2	Decr2	0.0627053044682539
Gm5148	Gm5148	0.0625653560823898
Gpm6a	Gpm6a	0.0625006843825051
Eif4ebp1	Eif4ebp1	0.0624138344459501
Hspe1	Hspe1	0.0619040888668191
Hsp90aa1	Hsp90aa1	0.0615384407829249
Psma2	Psma2	0.0614924602140093
Sept2	Sept2	0.0614859850801296
Zfp148	Zfp148	0.0613354243878506
Mrpl15	Mrpl15	0.0610010068285642
Inpp5f	Inpp5f	0.0608071930880653
Tle3	Tle3	0.0606371067814536
X5430416N02Rik	X5430416N02Rik	0.0602683015991691
Tcf7l2	Tcf7l2	0.0602451976024377
Sp3	Sp3	0.0598176208419032
Sub1	Sub1	0.0595528916672467
Arf1	Arf1	0.059163469257533
Uba3	Uba3	0.0589374614716879
Ttyh1	Ttyh1	0.058722340259633
Ezh2	Ezh2	0.0584600026426581
A830080D01Rik	A830080D01Rik	0.0583031912459503
Siah1b	Siah1b	0.0580170271705185
Ptp4a2	Ptp4a2	0.0579580802740872
Nedd1	Nedd1	0.0577954266699937
Hsp90ab1	Hsp90ab1	0.057777607457711
Rps9	Rps9	0.0574777486149809
Rpl37	Rpl37	0.0569503828256874
Ckap5	Ckap5	0.0560837900170762
Grcc10	Grcc10	0.0559456351205217
Dync1h1	Dync1h1	0.0558856367695976
Cenpk	Cenpk	0.0558465270802769
Bsg	Bsg	0.0552807867454561
Plekhm3	Plekhm3	0.0547800681363241
Hepacam	Hepacam	0.0547182103127551
Psmd14	Psmd14	0.0545380227687538
Nop9	Nop9	0.0544582886673262
Sfrs18	Sfrs18	0.0540538063694844
Mphosph8	Mphosph8	0.053407850523411
Ubap2	Ubap2	0.0533127674909269
Bub1b	Bub1b	0.0531741255810023
Trim7	Trim7	0.0531184781457745
Nktr	Nktr	0.0522096105905231
Idh3a	Idh3a	0.0521005635906536
Ubl4	Ubl4	0.0520809474249283
Gins4	Gins4	0.0519693460921922
Cnp	Cnp	0.0518577745493613
Drg1	Drg1	0.051618777605615
Zeb1	Zeb1	0.0514171512725522
Slco1c1	Slco1c1	0.0514138772013283
Ssbp2	Ssbp2	0.0511393268272562
Flrt2	Flrt2	0.0511047903000089
Mrpl28	Mrpl28	0.0510396898544546
Ilf2	Ilf2	0.0510211856998035
Ccne2	Ccne2	0.0510140403702901
Plxna2	Plxna2	0.0505093092476521
Gnb1	Gnb1	0.0502676286242388
Cdca2	Cdca2	0.050172628887098
Rpl8	Rpl8	0.0497866245509107
Nop56	Nop56	0.049572571527207
Agrn	Agrn	0.0488199356925265
Rangap1	Rangap1	0.0485897962710068
Samd4b	Samd4b	0.0484833236225262
Ywhab	Ywhab	0.0483960355639603
Otud4	Otud4	0.0482161140617456
Cep57l1	Cep57l1	0.0476518441350345
Vbp1	Vbp1	0.0473197895451668
Haus3	Haus3	0.0471999498203115
Znf512b	Znf512b	0.047138071612052
Lbr	Lbr	0.0470667755074552
Tardbp	Tardbp	0.0468386774433137
Dynlrb1	Dynlrb1	0.0467365260163896
Slc25a4	Slc25a4	0.0463568183720531
Ssr4	Ssr4	0.0463335755039194
Naa16	Naa16	0.0463038020622074
Rbbp6	Rbbp6	0.046068908272809
Txnrd1	Txnrd1	0.0458312278082798
Hmgb3	Hmgb3	0.0457355507231096
Ireb2	Ireb2	0.0454115129726297
Smim7	Smim7	0.0454027570461869
Hmgb1	Hmgb1	0.0449348334734886
Mki67	Mki67	0.0445255319772944
Fam213a	Fam213a	0.0443798938625833
Magi1	Magi1	0.044339788958737
Ska3	Ska3	0.0437337990332622
Asf1a	Asf1a	0.0436735941840167
R3hdm1	R3hdm1	0.0434805408199069
Lsm12	Lsm12	0.0433424888619307
Sh3bgrl	Sh3bgrl	0.043319360698841
Zbtb20	Zbtb20	0.0428904956358441
Psmd4	Psmd4	0.0427949094240453
Mkln1	Mkln1	0.0426144009302701
Nup37	Nup37	0.0425214803570787
Tuba1c	Tuba1c	0.0422551941503878
Khsrp	Khsrp	0.0421432534273488
Zfp655	Zfp655	0.0418340512842287
Ddx18	Ddx18	0.0416361682753839
X2810459M11Rik	X2810459M11Rik	0.0415801100159648
Tial1	Tial1	0.0413968040260156
Atm	Atm	0.0413724942083934
Trim24	Trim24	0.0413371068084081
Orc3	Orc3	0.0410188731397639
Manf	Manf	0.040988768803153
Cpsf2	Cpsf2	0.040658349843638
X4933434E20Rik	X4933434E20Rik	0.0406148301780729
Sod1	Sod1	0.0404357163939706
Rpsa	Rpsa	0.0403741695800504
Efhd2	Efhd2	0.0401140464766922
Banf1	Banf1	0.040099336693862
Fzd3	Fzd3	0.0399252150843226
Psmc6	Psmc6	0.0397474429119863
Tbc1d24	Tbc1d24	0.0395797931944814
Fam118b	Fam118b	0.0392315869618581
Nucks1	Nucks1	0.0391335219381357
Yipf5	Yipf5	0.0388692207731046
St7l	St7l	0.038647010689628
X2010107E04Rik	X2010107E04Rik	0.0384719396387158
Psip1	Psip1	0.0384447445625823
Fam103a1	Fam103a1	0.0382220339476064
Rpl19	Rpl19	0.0382067026150574
Ube2i	Ube2i	0.0381538331824233
Shisa4	Shisa4	0.0381323519232444
Rfc4	Rfc4	0.0381060068847648
Trap1	Trap1	0.0378842012438705
Klhdc2	Klhdc2	0.0376003699831035
Adsl	Adsl	0.0374601821588324
Phf6	Phf6	0.0371998273729494
Foxk2	Foxk2	0.0369544050061746
Sephs2	Sephs2	0.0365664739883301
Cdkal1	Cdkal1	0.0365456988940181
Mrpl36	Mrpl36	0.0365322680010219
Stip1	Stip1	0.0364593116406916
Dnttip1	Dnttip1	0.0364222012286912
Cnbp	Cnbp	0.0364193970167303
Ascl1	Ascl1	0.0363650621570244
Cdkn1a	Cdkn1a	0.0362105545632204
Maml2	Maml2	0.0361385018597396
Gas5	Gas5	0.0360843619799988
Mex3a	Mex3a	0.036029513374801
Paip1	Paip1	0.0360170918202291
Rps24	Rps24	0.0359640092662923
Rbm39	Rbm39	0.0359287979533372
Nme1	Nme1	0.0359057655043017
Sars	Sars	0.0358367929702594
Jam2	Jam2	0.0357035219548649
Usp10	Usp10	0.0356739834960926
Klhl24	Klhl24	0.0355546258062834
Scaf8	Scaf8	0.0354788416142475
X5830418K08Rik	X5830418K08Rik	0.0354151513731303
Rfc3	Rfc3	0.0353634766536908
Ulk2	Ulk2	0.0352311483485141
Cmss1	Cmss1	0.0351972790669185
Ddr1	Ddr1	0.0351899117699797
X2700094K13Rik	X2700094K13Rik	0.0350414424024663
Arhgap21	Arhgap21	0.0349536609909966
Npdc1	Npdc1	0.0349468736306237
Brd2	Brd2	0.0346689876517824
Btg1	Btg1	0.0343806501382895
Fundc2	Fundc2	0.0343626883694524
Gm2a	Gm2a	0.0341718062072501
Rps21	Rps21	0.0341590096362746
Spry2	Spry2	0.0341412389256527
Aurkb	Aurkb	0.0341259781348475
Naa15	Naa15	0.034063243262308
Mrps35	Mrps35	0.0340436513489816
Actl6a	Actl6a	0.0340253551394903
Rpl7l1	Rpl7l1	0.0339663718180256
Srpk2	Srpk2	0.0336321587535239
Top2a	Top2a	0.0335605127250687
Myl12b	Myl12b	0.0335446040107613
Mnf1	Mnf1	0.033537577076066
H2afy2	H2afy2	0.0335265712697693
Cenph	Cenph	0.0335011147504962
Cnih4	Cnih4	0.0333276675219646
Laptm4a	Laptm4a	0.0332855553281744
Cadm1	Cadm1	0.0331978783479863
Zfp862	Zfp862	0.0331520044554744
Sf3b1	Sf3b1	0.0330488045464218
Ddx3y	Ddx3y	0.0330228966365103
Rpp21	Rpp21	0.0330049136321192
Uchl4	Uchl4	0.0329058792033947
Cherp	Cherp	0.0327784232440243
Akip1	Akip1	0.0326560630362495
Snrpd2	Snrpd2	0.0324666334761375
Eif2s2	Eif2s2	0.0321992477771117
Myh10	Myh10	0.0321789343559993
Scd2	Scd2	0.0320948389635311
X2610017I09Rik	X2610017I09Rik	0.0320528123725358
Ppp4r1	Ppp4r1	0.0318118168103992
Zfp653	Zfp653	0.031576709839565
Smchd1	Smchd1	0.0315588866129046
Cct5	Cct5	0.0315244038619884
Arf5	Arf5	0.0315072919796622
Syncrip	Syncrip	0.0314865008418396
Luc7l	Luc7l	0.0313397734510876
Csnk1e	Csnk1e	0.031272593900468
Unk	Unk	0.0312560480631509
Herc2	Herc2	0.0312448023000078
Zfp318	Zfp318	0.0312010831901141
Ttc3	Ttc3	0.0311945089619518
Cfl1	Cfl1	0.0311246608163018
Gsk3b	Gsk3b	0.0310608764074783
D8Ertd738e	D8Ertd738e	0.030921065440428
Azin1	Azin1	0.0308987837709894
Ntsr2	Ntsr2	0.0307657964597558
Wdr36	Wdr36	0.0307244141057044
Ppil4	Ppil4	0.0306660088386084
Uchl3	Uchl3	0.030632743792816
X2310044G17Rik	X2310044G17Rik	0.030601663136831
Zhx2	Zhx2	0.030546932066809
Itm2b	Itm2b	0.0304172798965697
Dvl1	Dvl1	0.0303346737305027
Cnot1	Cnot1	0.0302393715228963
Suco	Suco	0.0301535886835165
Cenpm	Cenpm	0.0301109754217758
Dnajc21	Dnajc21	0.029857770572818
Zfp207	Zfp207	0.0297834836974356
Kat6a	Kat6a	0.0297162853922923
Rplp0	Rplp0	0.0294868462487193
Tacc3	Tacc3	0.0293942785073065
Tmem59	Tmem59	0.0291814566564071
Cirbp	Cirbp	0.0291624100835476
Nme2	Nme2	0.0291266735892884
Fbxo11	Fbxo11	0.0291188736317106
Snrpb	Snrpb	0.0289051596103108
Dlx5	Dlx5	0.0288305780687072
Herc3	Herc3	0.0288188528407024
Hmgn2	Hmgn2	0.0287581527529211
Ddb1	Ddb1	0.0286279200107957
Smc4	Smc4	0.0285499914673718
Ube2t	Ube2t	0.0284671536965661
Tprkb	Tprkb	0.0283295562843031
Ctxn1	Ctxn1	0.0283060084396753
Dst	Dst	0.0282798466943515
Ubp1	Ubp1	0.0282174225355881
Tmod2	Tmod2	0.0281642494125419
Stk11	Stk11	0.0281442289188787
Atp5g1	Atp5g1	0.0281126706373964
Fkbp2	Fkbp2	0.0281039075581072
Fkbp4	Fkbp4	0.0280798498696057
Sh3gl1	Sh3gl1	0.0280734036829398
Psap	Psap	0.0280285421638945
Ctc1	Ctc1	0.0278286135471029
Tmem57	Tmem57	0.0278189658881934
Rps5	Rps5	0.0276011495827058
Nop58	Nop58	0.0275948406119515
Fam98b	Fam98b	0.0275511243201204
Ythdf3	Ythdf3	0.0275221894378104
Pwp1	Pwp1	0.0274321237074132
Snrnp27	Snrnp27	0.027382296656269
Rfwd3	Rfwd3	0.0273104539428486
H13	H13	0.0273073331583718
Zfp938	Zfp938	0.0272529547529325
Ywhaq	Ywhaq	0.0272381743109392
Pigv	Pigv	0.0271822090964914
X4922501C03Rik	X4922501C03Rik	0.026986430974773
Rpl6	Rpl6	0.0269376458235949
Trib2	Trib2	0.0269141370748208
Srek1	Srek1	0.0268563471736967
Lig1	Lig1	0.0268392902661846
Jarid2	Jarid2	0.0267621802205732
Brap	Brap	0.0267424486325709
Atp6v0d1	Atp6v0d1	0.0266657390052685
Rpl22l1	Rpl22l1	0.0266432591909001
Pabpc1	Pabpc1	0.026393718355346
Mt1	Mt1	0.0263117147714116
Insig1	Insig1	0.0262458833012916
Uty	Uty	0.0261665802110973
Hspa5	Hspa5	0.0260528582047862
Tia1	Tia1	0.0260043798773998
Bnip3l	Bnip3l	0.0259313757052952
Pbk	Pbk	0.0258397884469667
Gatad2b	Gatad2b	0.0257463699485712
Crip2	Crip2	0.025726223204718
Ccdc77	Ccdc77	0.0256609269611073
Exosc8	Exosc8	0.0256158175177602
X1500011K16Rik	X1500011K16Rik	0.0255926283010474
Mbtps2	Mbtps2	0.0255451800175997
Banp	Banp	0.0255142570304696
Csda	Csda	0.0254663133599248
Vhl	Vhl	0.0254478325450469
Fgfr1op2	Fgfr1op2	0.0254420018264057
Topbp1	Topbp1	0.0254063156936852
Ndufb6	Ndufb6	0.0253737325074473
Fchsd2	Fchsd2	0.0253662839677458
Atp6v1d	Atp6v1d	0.0253067929533266
Ccdc6	Ccdc6	0.0253035740374993
Mettl2	Mettl2	0.0252871336763508
Gtf2f1	Gtf2f1	0.0252310471043562
Phf21b	Phf21b	0.0252130183442389
Slc35a3	Slc35a3	0.0252093341063355
Akr1e1	Akr1e1	0.0251231031110946
Ccdc55	Ccdc55	0.0250635360306375
Mapkap1	Mapkap1	0.0249730044587831
Elavl1	Elavl1	0.0248806272273999
Gm1821	Gm1821	0.0248590170391885
Mapre1	Mapre1	0.0248426108134123
Spcs1	Spcs1	0.0247669802915601
Dnajc1	Dnajc1	0.0246613647310061
Eid1	Eid1	0.0246598057291634
Srsf11	Srsf11	0.0245599327256641
Eif3i	Eif3i	0.0244712887626685
Rad51ap1	Rad51ap1	0.0243565251369197
Ckap2	Ckap2	0.0243456210277977
Clk1	Clk1	0.0243260368780397
Tnpo1	Tnpo1	0.0243030118845593
Rps15a.ps6	Rps15a.ps6	0.0242133901657114
Lsm2	Lsm2	0.0241850577552669
Cdkn2aipnl	Cdkn2aipnl	0.0241580101435761
Hps5	Hps5	0.0241074863210692
Zfp78	Zfp78	0.024045136811562
Dcaf6	Dcaf6	0.0239477242133781
Phf5a	Phf5a	0.0239269338204758
Cox4i1	Cox4i1	0.0238256889118216
Gng10	Gng10	0.0238120542195706
X1810022K09Rik	X1810022K09Rik	0.0237363268285664
Zfp451	Zfp451	0.0237326505402392
Myh9	Myh9	0.0236855697148
Mt2	Mt2	0.0236592548708057
Notch1	Notch1	0.0236466300115512
Rps6	Rps6	0.0236222960716851
Bace1	Bace1	0.023607784172115
Qk	Qk	0.0234389431719714
Slc48a1	Slc48a1	0.0234170491220498
Kpna2	Kpna2	0.0233942376275938
Phc3	Phc3	0.0230823822368212
Soat1	Soat1	0.0228405064856717
Fbxw11	Fbxw11	0.0228349150105953
Ftl1	Ftl1	0.0227774888247565
Aff4	Aff4	0.0227165607863531
Mrpl30	Mrpl30	0.0226573985895072
Lsm14a	Lsm14a	0.0226048591370847
Jtb	Jtb	0.0224486134694769
Pgap1	Pgap1	0.0224343233865802
Ppp1r12a	Ppp1r12a	0.0223936637050396
Cstf3	Cstf3	0.0223827397930923
Rab1	Rab1	0.0223561953934998
Capns1	Capns1	0.0222947658193652
Luc7l3	Luc7l3	0.0222875710769002
Dnaja2	Dnaja2	0.0222507649488659
Rbm5	Rbm5	0.0222498483710625
Ahi1	Ahi1	0.0222221223976248
Oat	Oat	0.0221515251960754
Gcc2	Gcc2	0.0221208651060418
Psma1	Psma1	0.022041302819793
Mrpl40	Mrpl40	0.0220020106085552
Cenpf	Cenpf	0.0219364371563226
Fam108c	Fam108c	0.0219072971331983
Actg1	Actg1	0.02186300614467
Klc1	Klc1	0.021614341013168
Lnp	Lnp	0.0215974249103597
Fis1	Fis1	0.0214598634560188
Arl6ip1	Arl6ip1	0.0214534027039221
Rhobtb3	Rhobtb3	0.0214279745366053
Nup85	Nup85	0.0213375948888774
Rorb	Rorb	0.021163823941887
Lsm3	Lsm3	0.0210442164209697
Ccnl2	Ccnl2	0.0210416168025266
Sfxn1	Sfxn1	0.0210414593684505
Psmd12	Psmd12	0.0210261431503803
Gm5141	Gm5141	0.021023489159428
Ssr2	Ssr2	0.02097226200136
Rac1	Rac1	0.0209606574270936
Ube2k	Ube2k	0.020960366468113
Cenpj	Cenpj	0.0209456515611028
Usp38	Usp38	0.0208860737898782
Taok1	Taok1	0.020748921831503
Pdia4	Pdia4	0.0207474615651334
Snord104	Snord104	0.0207048124950611
Smarca2	Smarca2	0.02065887102076
Rcn2	Rcn2	0.0206464316817033
X4930503L19Rik	X4930503L19Rik	0.0206320179888341
Grpel1	Grpel1	0.0205626209006692
Map2	Map2	0.0205425927800854
Kdm6b	Kdm6b	0.0205421216651595
Psmb5	Psmb5	0.0205004718698465
Tceb2	Tceb2	0.0204680568461142
Tro	Tro	0.0204547284198409
Pcbp1	Pcbp1	0.0204049044202195
Srsf2	Srsf2	0.0203639506560945
Cox7c	Cox7c	0.0202845301292175
B3gnt5	B3gnt5	0.0201614527009741
Eif4a3	Eif4a3	0.0201178149749272
Gabarap	Gabarap	0.0199691647357058
Mthfd1	Mthfd1	0.0199558412776151
Wdr74	Wdr74	0.0198768176327576
Zfp68	Zfp68	0.0198610976213813
Myg1	Myg1	0.0198423562924565
Prm1	Prm1	0.0197796571531029
Rdx	Rdx	0.0196838080728812
Drosha	Drosha	0.019629431423359
Dgcr8	Dgcr8	0.0195916518510716
BC031181	BC031181	0.019518015007388
Srp68	Srp68	0.0194652945263818
Cdc34	Cdc34	0.0194595384890508
Ppig	Ppig	0.0194571962342218
Ddah1	Ddah1	0.0194488512925778
Atp1b2	Atp1b2	0.0194342998881692
Sin3b	Sin3b	0.0194316288495385
Srsf1	Srsf1	0.0193987556771446
Rab14	Rab14	0.0193197768905406
Lancl1	Lancl1	0.0191625256537614
Prmt2	Prmt2	0.0191188845278581
Vegfa	Vegfa	0.0190981382972874
Mgat2	Mgat2	0.0190488022141734
Cdca7	Cdca7	0.0190383793520027
Ddx24	Ddx24	0.018915161358545
Atp5o	Atp5o	0.018901943053189
Cep78	Cep78	0.0188807900145431
Ctnnd2	Ctnnd2	0.0188760389128414
Heatr6	Heatr6	0.0187539307756902
Psmc4	Psmc4	0.0186743973963782
Fmr1	Fmr1	0.0186083496956406
Eif2c1	Eif2c1	0.018430963740317
Nploc4	Nploc4	0.0183161284130586
Sorbs1	Sorbs1	0.0183042150502466
Hmgcr	Hmgcr	0.0182791967599739
Esf1	Esf1	0.0181966676771282
Zscan26	Zscan26	0.0181811244471562
Tex30	Tex30	0.0181808903360433
Bok	Bok	0.018167079307509
Atp5a1	Atp5a1	0.018036887190015
Usp9x	Usp9x	0.0179616941242364
Tnrc18	Tnrc18	0.0179230694403482
Gtf2h5	Gtf2h5	0.017901908211953
Twf1	Twf1	0.0177716730995073
Ndufa10	Ndufa10	0.0177523079751186
Rpl24	Rpl24	0.017712019544938
Btg2	Btg2	0.0176506380537148
Atp6v0e2	Atp6v0e2	0.0175002111057188
Chmp2a	Chmp2a	0.0174985515920476
Ran	Ran	0.0174816870198983
BC055324	BC055324	0.017468405007835
Nvl	Nvl	0.0174525697864212
Noc3l	Noc3l	0.0174459013480923
Hnrnpab	Hnrnpab	0.0173840418239838
Prrc2c	Prrc2c	0.0173642903853036
Tsc22d2	Tsc22d2	0.0173503007353475
Grina	Grina	0.0173467182160798
Fam108b	Fam108b	0.017337084519758
Tjp1	Tjp1	0.0173187135706958
Bex1	Bex1	0.0173186076771755
Cyp2d22	Cyp2d22	0.0171630503043169
Spag7	Spag7	0.017157774848036
Snhg4	Snhg4	0.0170924195913972
Psme1	Psme1	0.0170587913523258
Gas2l3	Gas2l3	0.0170422296594585
Cdca3	Cdca3	0.0170261249560513
Rpp30	Rpp30	0.0170195858634234
Tcf20	Tcf20	0.0168367540470469
X2610008E11Rik	X2610008E11Rik	0.0167230643731788
Sfi1	Sfi1	0.0167187191693811
Fubp1	Fubp1	0.0166939009617887
Idnk	Idnk	0.0166451179293468
Eif4g1	Eif4g1	0.0166273727461169
Lrrc4b	Lrrc4b	0.016602757599336
Arl14ep	Arl14ep	0.0165846362587553
Tmem258	Tmem258	0.0165349560587504
Adam23	Adam23	0.0165033858892591
Fam168b	Fam168b	0.0164866528229238
Cfdp1	Cfdp1	0.0164338450559147
Abcf1	Abcf1	0.0164207433282215
Cltc	Cltc	0.0163674684810083
Atxn2l	Atxn2l	0.016338456013798
Pfas	Pfas	0.0163359288515996
Ankrd10	Ankrd10	0.0162879240198168
Dag1	Dag1	0.016216822846726
Gdi2	Gdi2	0.0161975221713796
Lphn1	Lphn1	0.0161625691858724
Lgr4	Lgr4	0.0160730430402229
Aars	Aars	0.0160616365248359
Ict1	Ict1	0.0158493841934038
Pus7	Pus7	0.0158402489035898
Cdc123	Cdc123	0.0157572647147779
Pus3	Pus3	0.0157466982199014
Purb	Purb	0.0157445248238959
Abcf2	Abcf2	0.0157369189784852
Polr2m	Polr2m	0.0156750432843309
Cblb	Cblb	0.0156711691585348
Cnot8	Cnot8	0.0156420468627062
Tubb2b	Tubb2b	0.0155589820438913
Fth1	Fth1	0.0155051937906517
Nhp2l1	Nhp2l1	0.0154775108768397
Traf3ip1	Traf3ip1	0.0154346791956735
Maea	Maea	0.0154041254062809
Uggt1	Uggt1	0.0152131517922023
Nlk	Nlk	0.0151807805409989
Myef2	Myef2	0.0151546455589148
Rpl12	Rpl12	0.0151415686154871
Fstl1	Fstl1	0.0151336219475054
Psmd7	Psmd7	0.0150777799286342
Ctsa	Ctsa	0.0150549142122031
Ipo13	Ipo13	0.015045122617965
Chsy1	Chsy1	0.015015856352889
Alkbh1	Alkbh1	0.0149948662929484
Tcf4	Tcf4	0.0149814282054367
Heatr1	Heatr1	0.0149738189628657
Itih3	Itih3	0.0149722763720833
Usmg5	Usmg5	0.0149607206605286
Rab6a	Rab6a	0.0149465352404016
Supt5	Supt5	0.0149425165848986
Ercc1	Ercc1	0.01489138388258
Bclaf1	Bclaf1	0.0148803607717399
Vps4b	Vps4b	0.0148780718662459
Hist1h2bc	Hist1h2bc	0.0148521665953613
Pigq	Pigq	0.0148289914666887
Srsf3	Srsf3	0.014797977702655
Abi2	Abi2	0.0147276141544433
Rpl10	Rpl10	0.0146882419031285
Impact	Impact	0.0146064435925
Ddx3x	Ddx3x	0.0146061967002571
Nav2	Nav2	0.0146026261786081
Rnf8	Rnf8	0.0145514552220588
Mgrn1	Mgrn1	0.0145263939489605
Ykt6	Ykt6	0.0145188172950276
Arpc2	Arpc2	0.0144867704756338
Eci2	Eci2	0.0144833791312604
Armc8	Armc8	0.0144818973344618
Rnf13	Rnf13	0.014472707388318
Klf13	Klf13	0.0144419293666444
Fam192a	Fam192a	0.0143953782274569
Slc39a1	Slc39a1	0.014386920476961
Ncapd3	Ncapd3	0.014322863017244
Stau1	Stau1	0.0143083432591449
Copz1	Copz1	0.0143077685882924
Rnf214	Rnf214	0.0143014929825002
Kif1a	Kif1a	0.0142648456391421
Hsf1	Hsf1	0.0142164238595599
Hspa8	Hspa8	0.0141636578162438
Slc30a6	Slc30a6	0.0141370087946945
Rab11fip2	Rab11fip2	0.0141218237337434
Sugp2	Sugp2	0.0141213162129254
Atp2c1	Atp2c1	0.0140974742095923
Nhp2	Nhp2	0.0140898881754436
Tob1	Tob1	0.0140778778888471
Uqcr10	Uqcr10	0.0140359682256382
Trnau1ap	Trnau1ap	0.0140336838061373
Reep5	Reep5	0.013958390681386
Orc4	Orc4	0.0139568448324065
Sec23ip	Sec23ip	0.0139321855828785
Ank2	Ank2	0.013926995390234
Ktn1	Ktn1	0.0138854726034267
Atp5c1	Atp5c1	0.0138635129986349
Ubtf	Ubtf	0.0138628254572893
Ccnl1	Ccnl1	0.0138421855780921
Taf15	Taf15	0.0138312162446896
Eef1b2	Eef1b2	0.0138121354636376
Atad1	Atad1	0.0137933123266142
Atp5g3	Atp5g3	0.0137533233131523
Sik1	Sik1	0.0137391011215187
Rplp1	Rplp1	0.0136644459822617
Mras	Mras	0.0136360025116142
Hsph1	Hsph1	0.0136005888177046
Ddx50	Ddx50	0.0135838593279013
Rc3h2	Rc3h2	0.013579352156275
Yeats2	Yeats2	0.013570897558658
AU041133	AU041133	0.0135298514445784
Ss18	Ss18	0.0135274426537717
Ndufb7	Ndufb7	0.0134824642134635
Atp2b1	Atp2b1	0.0134660033004768
Snhg7	Snhg7	0.0134651162159185
Stmn1	Stmn1	0.0134602348693496
Gpc1	Gpc1	0.0134502878503393
Aplp1	Aplp1	0.01343418451412
Odf2	Odf2	0.0134226249955868
Dzip1	Dzip1	0.0134125918463472
Slc1a3	Slc1a3	0.0133961338596295
Arpp19	Arpp19	0.0133847292093517
Wdr26	Wdr26	0.0133847281645601
Zmym4	Zmym4	0.013357475561409
Rev3l	Rev3l	0.0133485963566699
Fos	Fos	0.013344318405282
Serp1	Serp1	0.0132796052349469
Serf1	Serf1	0.0132606538066125
Mcmbp	Mcmbp	0.013234703338551
Pole4	Pole4	0.0132190472283893
Zbtb41	Zbtb41	0.0131235725330387
Wdr45b	Wdr45b	0.0130727728771619
Arf6	Arf6	0.0130216254150071
Cenpl	Cenpl	0.0129941404121685
Ap4e1	Ap4e1	0.0129692834087379
Pum2	Pum2	0.0129615126163878
X2310008H09Rik	X2310008H09Rik	0.0129425209985927
Fbxo33	Fbxo33	0.0128871590662145
Satb1	Satb1	0.012885614694603
Lta4h	Lta4h	0.0128821590798471
Ap2s1	Ap2s1	0.0128552020230442
Cdc42	Cdc42	0.0128160310185691
Gnai2	Gnai2	0.0127960663664451
Gpbp1	Gpbp1	0.0127579944578952
Snx27	Snx27	0.0127473261652433
Ahsa1	Ahsa1	0.012719356325486
Commd10	Commd10	0.0126780428481868
Ssr1	Ssr1	0.0125668400285547
Mapre2	Mapre2	0.0124857497360116
Btbd2	Btbd2	0.0124605106597848
Cope	Cope	0.0124489964318327
Acadl	Acadl	0.0124223157661994
Neu1	Neu1	0.0124099488363987
Fbrsl1	Fbrsl1	0.0124069764496158
Rell1	Rell1	0.0123401855423534
Ppdpf	Ppdpf	0.0123351752271496
Tulp4	Tulp4	0.012326503412531
Pak1ip1	Pak1ip1	0.012323834337567
Ifnar1	Ifnar1	0.0122902570644086
Cc2d2a	Cc2d2a	0.0122875899799566
Atad2b	Atad2b	0.0122726765663705
Isg20l2	Isg20l2	0.0122262927317991
Nup160	Nup160	0.0122217331277792
Sc4mol	Sc4mol	0.0122162034158282
Ptplb	Ptplb	0.0121959419862935
Slirp	Slirp	0.0121412285273991
Tnfrsf19	Tnfrsf19	0.0120979952691774
Mcm5	Mcm5	0.0120914490019776
Sparcl1	Sparcl1	0.0120832629295337
Ywhaz	Ywhaz	0.0120618530891363
Gbas	Gbas	0.0120466955404046
Drg2	Drg2	0.0120267344809575
Katnbl1	Katnbl1	0.0120069595749886
Smc5	Smc5	0.0119900345048226
Trappc1	Trappc1	0.011924897878539
Cep192	Cep192	0.0118931558989998
Pyurf	Pyurf	0.0118865407497642
Skp1a	Skp1a	0.0118395871486807
Nudt3	Nudt3	0.0118373694328817
Ap3m1	Ap3m1	0.0118113563281915
Glyr1	Glyr1	0.0117508475279361
Hmgn5	Hmgn5	0.0117108329706445
Dhx15	Dhx15	0.0116983929784219
Hnrnpl	Hnrnpl	0.0116936383362554
Fabp5	Fabp5	0.0116652718373169
Sepp1	Sepp1	0.0116208092235402
Srsf7	Srsf7	0.0116062357888228
Senp1	Senp1	0.0115812027074616
Prdx1	Prdx1	0.0115783301190045
Cramp1l	Cramp1l	0.0114795859025571
Pds5a	Pds5a	0.0114473509365813
Creb1	Creb1	0.0114466567532054
Cand2	Cand2	0.0114247441100584
Rtn3	Rtn3	0.0114181906066887
Ift46	Ift46	0.0114158093914294
Psmg4	Psmg4	0.0114050859858031
Rasa1	Rasa1	0.0113911452408262
Trpm3	Trpm3	0.0113785508523015
Prdx4	Prdx4	0.0113589135661483
Timm8b	Timm8b	0.0113361250727456
Macf1	Macf1	0.0113107945506247
Fam120a	Fam120a	0.0112962990563183
Tor1aip2	Tor1aip2	0.0112392123880413
Slc6a1	Slc6a1	0.0112079325747224
H2afv	H2afv	0.0111159686460836
Ost4	Ost4	0.0111158214744873
Cog6	Cog6	0.011113055129678
Dmd	Dmd	0.0110817573029244
Psmd8	Psmd8	0.0110437548980596
Larp1	Larp1	0.0110299668100933
Wnk2	Wnk2	0.011020567787421
Fam133b	Fam133b	0.0109927976082535
Dennd6a	Dennd6a	0.0109809436511053
Mapk4	Mapk4	0.0109786484049419
Rbm4b	Rbm4b	0.0109424917912334
Gnl3	Gnl3	0.0109367374404616
Nagk	Nagk	0.0109134488090914
Mrps28	Mrps28	0.0109070998356594
Atp5f1	Atp5f1	0.0109000011836531
Gstp1	Gstp1	0.0108512064862721
Mapk1	Mapk1	0.01083736262671
Synj1	Synj1	0.0108164635279442
Mn1	Mn1	0.0107947607147743
Nova1	Nova1	0.0107697552869394
Pycrl	Pycrl	0.0107615494439658
Rpain	Rpain	0.0107224461745154
Sod2	Sod2	0.0106824676995448
Suz12	Suz12	0.0106729739838298
Arglu1	Arglu1	0.0106443620643535
Ece1	Ece1	0.0106439026684621
AI464131	AI464131	0.010627019838103
Pikfyve	Pikfyve	0.0105991676489288
Lars	Lars	0.0105301687986774
X1500032L24Rik	X1500032L24Rik	0.0105057619334008
Marf1	Marf1	0.0104861001113201
Chd2	Chd2	0.0104760982763344
Phxr4	Phxr4	0.0104646829096316
Psma6	Psma6	0.010456377928212
Ptpn2	Ptpn2	0.0104263253464768
Atf2	Atf2	0.0104025768152702
Smim15	Smim15	0.0103948933107159
Gm15421	Gm15421	0.0103870124448524
Ankrd11	Ankrd11	0.0103768005828648
Phkb	Phkb	0.0103289061574244
Nrcam	Nrcam	0.0103271290754402
Hadha	Hadha	0.0102879386598377
Slc16a1	Slc16a1	0.0102846968166255
Fbxw7	Fbxw7	0.0102812861894243
Nufip1	Nufip1	0.0102541191627717
Hnrnpa0	Hnrnpa0	0.0102404946670275
Leprot	Leprot	0.0102383924412228
Pcdh10	Pcdh10	0.0102322177457535
Pcyox1	Pcyox1	0.0102003803350377
Txn1	Txn1	0.0101699641970268
Zfp955b	Zfp955b	0.0101617958943956
Ubr5	Ubr5	0.0101587128182373
Zcchc7	Zcchc7	0.0100701685870942
Ywhae	Ywhae	0.01004629304864
Mrpl17	Mrpl17	0.0100102951136761
Calr	Calr	0.00997806544486168
Tceal1	Tceal1	0.00996878174368318
Dzip1l	Dzip1l	0.00989973303328713
Timm44	Timm44	0.00986714485497797
Daglb	Daglb	0.00978868670909628
Nap1l1	Nap1l1	0.00968560027667539
Pin1	Pin1	0.00968200492472339
Eps15	Eps15	0.00965272845621578
Phyhipl	Phyhipl	0.00959460929336993
Brix1	Brix1	0.00959345461116699
Dpysl3	Dpysl3	0.00958439921184838
Igsf3	Igsf3	0.00954886536706429
Mogs	Mogs	0.00952431542730897
Ndufa5	Ndufa5	0.00947430261831427
Lsamp	Lsamp	0.00946610035600439
Sf3b2	Sf3b2	0.00945515930297852
Hnrnpa2b1	Hnrnpa2b1	0.00942486826920837
Dnm1l	Dnm1l	0.00942369131547544
Rlim	Rlim	0.00939171747632372
Mrps15	Mrps15	0.00938253446509985
Zbtb7a	Zbtb7a	0.00936047244974197
Ccdc58	Ccdc58	0.00935164676286796
Mapk8ip3	Mapk8ip3	0.00933989288262005
Egr1	Egr1	0.00932960412615272
Cyb5	Cyb5	0.00930289304769895
Fry	Fry	0.00929712332227909
Slitrk2	Slitrk2	0.00928788024532989
Rmdn1	Rmdn1	0.00927492330942966
Ranbp3	Ranbp3	0.00925919194580291
Bcl7b	Bcl7b	0.00921139496193216
Efha2	Efha2	0.00920733520561478
Fam172a	Fam172a	0.00920513685131785
Ugp2	Ugp2	0.00916874829394993
Pax6	Pax6	0.00916132923349039
Tpp2	Tpp2	0.00915084464211081
Arnt2	Arnt2	0.00907911474140895
Mrpl13	Mrpl13	0.00907070637451698
Naa38	Naa38	0.00904856465170479
Ythdc1	Ythdc1	0.00903980584053599
Alcam	Alcam	0.00901793034276791
Ptprz1	Ptprz1	0.00900641688958571
Irf2	Irf2	0.00900269579110471
Tpr	Tpr	0.00893828768971883
Preb	Preb	0.00892434635116826
Chchd7	Chchd7	0.00888932257551541
Snrnp70	Snrnp70	0.00888870886219542
Tfdp2	Tfdp2	0.00887982751330968
Tsfm	Tsfm	0.00883039652552057
Npas3	Npas3	0.00878231483963453
Anapc4	Anapc4	0.00877421163220248
Stmn3	Stmn3	0.00876516344974477
Ndufa13	Ndufa13	0.008721308535593
Cox6a1	Cox6a1	0.00859942144616082
Atrx	Atrx	0.00859655883774958
Ndufa8	Ndufa8	0.00857973923744303
Nol10	Nol10	0.00855862178925276
Ptges3	Ptges3	0.00853896542589211
Cops6	Cops6	0.00852255504514943
Wdr1	Wdr1	0.00849530269008057
Tubb2a	Tubb2a	0.00843922860210218
Ppp3r1	Ppp3r1	0.00840236752597917
Gps1	Gps1	0.00839969017247885
Pou3f2	Pou3f2	0.00839849342625675
Gigyf1	Gigyf1	0.00839739987017063
D930016D06Rik	D930016D06Rik	0.00838648375705462
Birc6	Birc6	0.00831163563154892
Cldn10	Cldn10	0.00830931586268801
X2410002F23Rik	X2410002F23Rik	0.00825178441151657
Xpo6	Xpo6	0.00823550052445365
X4833439L19Rik	X4833439L19Rik	0.00822066348503864
Rnf139	Rnf139	0.00821717878375268
Tomm7	Tomm7	0.00818478666869474
Serpine2	Serpine2	0.00817196853675809
Rn45s	Rn45s	0.00815088237437002
Snx1	Snx1	0.00811699729211294
Cdkn2aip	Cdkn2aip	0.00810381853012276
Eif3m	Eif3m	0.00808546417372853
Cetn3	Cetn3	0.00808358858540364
Ppp1cb	Ppp1cb	0.00806248482600863
X4930402H24Rik	X4930402H24Rik	0.00805135668112435
Rnd3	Rnd3	0.00800887173103938
Gmps	Gmps	0.00800267952061398
Ube2b	Ube2b	0.00797882127044315
Cnot4	Cnot4	0.00797025430145448
Mcl1	Mcl1	0.00791826716918741
Mll2	Mll2	0.00791249279570804
Taok2	Taok2	0.00790302398932797
Cttn	Cttn	0.00787696637553154
Gphn	Gphn	0.00781516117810538
Bod1l	Bod1l	0.0077822453716253
Tmem47	Tmem47	0.00775454405858046
Fnbp1	Fnbp1	0.00773239776562222
Mmadhc	Mmadhc	0.00772579970862286
Rtn1	Rtn1	0.0076936712729924
Hsf2	Hsf2	0.00768471610768385
Fat1	Fat1	0.00767639091257779
Hn1	Hn1	0.00765693929802336
Tmbim6	Tmbim6	0.0076340477879817
X2610019E17Rik	X2610019E17Rik	0.00759301460905143
Kansl1l	Kansl1l	0.00758985375444521
Atp6v1f	Atp6v1f	0.00758272044664691
Emc10	Emc10	0.00756994731730801
Gm6251	Gm6251	0.00755314141115125
Akr1a1	Akr1a1	0.00754422411190072
Mettl1	Mettl1	0.00753825553873012
Tspan7	Tspan7	0.00752352730077358
X4930422G04Rik	X4930422G04Rik	0.00751275544472911
Sumo1	Sumo1	0.00743181733626257
Klhl7	Klhl7	0.00741989296998808
St5	St5	0.00739937746816517
Tril	Tril	0.00738923046580641
X0610011F06Rik	X0610011F06Rik	0.00738312893955642
Egfr	Egfr	0.00737238532917399
Sdha	Sdha	0.00736914253008703
Atp13a5	Atp13a5	0.00736852703286892
Ncbp1	Ncbp1	0.00734536982540217
Cdk13	Cdk13	0.00730559329304508
Mccc1	Mccc1	0.00726369616316857
Eif4g2	Eif4g2	0.00725265232044268
Dmwd	Dmwd	0.0072490070192128
Ddx6	Ddx6	0.00720331937294427
Mtfr2	Mtfr2	0.00718325100509296
Sgce	Sgce	0.00715929674116249
Itsn1	Itsn1	0.00714796606647056
Cops3	Cops3	0.00714528893480647
Ssbp1	Ssbp1	0.00712477044814254
Apopt1	Apopt1	0.00712203362989727
Rasa2	Rasa2	0.00705766636782363
Nedd8	Nedd8	0.00700750081370407
Ranbp1	Ranbp1	0.00700578156268428
Vps13a	Vps13a	0.00699430779890777
Hipk1	Hipk1	0.0069772348592609
Atp6v1g1	Atp6v1g1	0.0069593590538429
Kdm5c	Kdm5c	0.00693277468688112
Ewsr1	Ewsr1	0.00693019073884439
Id2	Id2	0.00691539825620509
Phkg2	Phkg2	0.00689790756608655
Lrrc58	Lrrc58	0.00689607135067691
A230046K03Rik	A230046K03Rik	0.00688550667355019
Pomp	Pomp	0.0068740616538862
Gpd2	Gpd2	0.00687286063882644
Pura	Pura	0.0068718319949182
Baz2b	Baz2b	0.00686007160498063
Glmn	Glmn	0.00684113544397379
Rab18	Rab18	0.00684022809337066
Ndufc2	Ndufc2	0.00681577134456627
X2210013O21Rik	X2210013O21Rik	0.00681210866098893
Las1l	Las1l	0.00680950198058659
Stx4a	Stx4a	0.00679821817481633
Ubxn4	Ubxn4	0.00677719136748949
Mpp5	Mpp5	0.00676080893014319
Nelfb	Nelfb	0.00673542997294753
Gkap1	Gkap1	0.00673111996375382
Sarnp	Sarnp	0.00672893707159368
Sox9	Sox9	0.00671872233733516
Itch	Itch	0.00671173223764969
Hdac4	Hdac4	0.00671113709579336
Scg3	Scg3	0.00670420692617603
Cd63	Cd63	0.00670112376900208
Lhx2	Lhx2	0.0066834873603579
Arhgap32	Arhgap32	0.00665937492164859
Myo6	Myo6	0.00665708647081224
Plod3	Plod3	0.00664367749939993
Mbd1	Mbd1	0.00662231974634825
Tmem131	Tmem131	0.00661772812358802
Hmgn1	Hmgn1	0.00659012854664422
Pan3	Pan3	0.00656920153051282
Ofd1	Ofd1	0.00656081169616145
Trim8	Trim8	0.0065521781168985
Hsp90b1	Hsp90b1	0.00654820340178689
Slc9a3r1	Slc9a3r1	0.00653892245424235
Ubr4	Ubr4	0.00653169968231415
Id4	Id4	0.0065303481719884
Nrm	Nrm	0.00652262727478806
Zfp280c	Zfp280c	0.00652128971276062
Alg11	Alg11	0.00651745883983561
Ednrb	Ednrb	0.00651364853234197
Abcd3	Abcd3	0.006506313623364
Paxbp1	Paxbp1	0.00650514378550268
Zzef1	Zzef1	0.00650156171200633
Mrpl42	Mrpl42	0.006484281841028
Etfdh	Etfdh	0.00648317755488025
Ndufa6	Ndufa6	0.00648284505719518
Secisbp2l	Secisbp2l	0.00648190445387411
Nfx1	Nfx1	0.00647975477307694
Arpc1a	Arpc1a	0.00647185104895947
Cox6c	Cox6c	0.00644147922675612
Pi4ka	Pi4ka	0.00640207510391904
Vcam1	Vcam1	0.00637582408564011
Acsl6	Acsl6	0.00635431369820955
Aktip	Aktip	0.00635429471133638
X0610009D07Rik	X0610009D07Rik	0.00630023217411269
Rere	Rere	0.00618348072968342
Elovl4	Elovl4	0.00617369020099843
Trio	Trio	0.00616461312127257
Phb2	Phb2	0.0061580405991433
Snx15	Snx15	0.00615356279225181
B3galt1	B3galt1	0.00615222035408586
Itm2c	Itm2c	0.00615210845465374
Slc15a2	Slc15a2	0.00614549009163714
Ubr3	Ubr3	0.0060870934537859
Rpl37a	Rpl37a	0.0060602656987804
Fzr1	Fzr1	0.00605633406731049
Minos1	Minos1	0.00605023576229921
Znrf3	Znrf3	0.00604968763955434
Sptbn1	Sptbn1	0.00604693740680069
Sec62	Sec62	0.00604477442767475
Irf3	Irf3	0.0060134302099412
Eif1	Eif1	0.00601075913404859
Trim9	Trim9	0.00600107328265236
Snx19	Snx19	0.00599208742929461
Elovl2	Elovl2	0.00598119137033031
Pxdn	Pxdn	0.00596516534961863
Polr2h	Polr2h	0.00595043227452506
Wdr13	Wdr13	0.00590292577707303
Azi2	Azi2	0.00588827868072667
Rapgef6	Rapgef6	0.00588557750171484
Ick	Ick	0.00587456615233355
Ncapd2	Ncapd2	0.00582938370850449
Rbm27	Rbm27	0.00582151125209862
Camk2n1	Camk2n1	0.00580073640528719
Sirpa	Sirpa	0.005774315990085
Cadm2	Cadm2	0.00575872589314939
C330007P06Rik	C330007P06Rik	0.0057419041581276
Dgkb	Dgkb	0.00573914720341554
Ahdc1	Ahdc1	0.00573504229042971
Arhgap5	Arhgap5	0.00573210033865745
Eif4e	Eif4e	0.00569435539359158
Ddhd1	Ddhd1	0.00568429967893938
Rnpc3	Rnpc3	0.00565428473061731
Ubl3	Ubl3	0.00565355395946046
Nhsl1	Nhsl1	0.00564473462543278
Irf2bpl	Irf2bpl	0.00562450315357042
Bbip1	Bbip1	0.00560586216305354
Xpr1	Xpr1	0.00558347579529525
Emc1	Emc1	0.00558329873839684
A330023F24Rik	A330023F24Rik	0.00557525013446755
Cept1	Cept1	0.00557486260237959
X4932438A13Rik	X4932438A13Rik	0.0055742949772375
Cd47	Cd47	0.00557136177644319
Slc7a2	Slc7a2	0.00556648505295125
Ap2m1	Ap2m1	0.00555388371454552
Sdhb	Sdhb	0.00553575057661715
Ctsl	Ctsl	0.00551851859418229
Ptk2	Ptk2	0.00546447808406551
Rab3gap1	Rab3gap1	0.00543290412334877
H2.D1	H2.D1	0.00542554091919322
A630007B06Rik	A630007B06Rik	0.00540421351145529
Hnrpdl	Hnrpdl	0.00538044501651989
Sec61a2	Sec61a2	0.00535521968992684
Mll3	Mll3	0.00535249134588133
Fam179b	Fam179b	0.00534176324603146
Ralbp1	Ralbp1	0.00532517690629138
Tmpo	Tmpo	0.00531414498844137
Cpe	Cpe	0.00530100886417811
Msi2	Msi2	0.00529424810776026
Med13l	Med13l	0.00527782957375038
Mbnl2	Mbnl2	0.00525737593862149
Hnrnpk	Hnrnpk	0.00523788929687753
Gm1943	Gm1943	0.00523360854413089
Mgea5	Mgea5	0.00523109319478847
Atp11c	Atp11c	0.0052266208066408
Metap1d	Metap1d	0.00522490775979347
Tm2d2	Tm2d2	0.00521203506512789
Pdap1	Pdap1	0.00519514696745751
Rps28	Rps28	0.00519195766786735
Gabrg1	Gabrg1	0.00517905563196311
Rab11b	Rab11b	0.00517785435472998
Gskip	Gskip	0.00517496321505849
Npc2	Npc2	0.00516589926912054
Arid2	Arid2	0.00514257463283126
Os9	Os9	0.00513469004773358
Lrp6	Lrp6	0.00511517313123254
Ate1	Ate1	0.00511138026234197
Appl1	Appl1	0.00511041619310373
Tsc22d1	Tsc22d1	0.00508527835427763
Cct6a	Cct6a	0.0050521184044126
Dpf2	Dpf2	0.00503057929959985
Ubfd1	Ubfd1	0.00502800946116178
Eapp	Eapp	0.00501255858311537
Car2	Car2	0.0049952842884389
Ccdc88a	Ccdc88a	0.00496116030509766
Fgfr2	Fgfr2	0.00495396995251806
Tmem175	Tmem175	0.00492777029102496
Cep95	Cep95	0.00491195509114127
Tmco1	Tmco1	0.00491014419643558
Arhgef12	Arhgef12	0.00490905472536122
Mat2b	Mat2b	0.00483234124988169
Tnrc6a	Tnrc6a	0.00481155274872246
Tbcel	Tbcel	0.00481076278496194
Eif1a	Eif1a	0.00480572278409087
Arhgef7	Arhgef7	0.00479756159011833
Klhl9	Klhl9	0.00479176530137467
Calu	Calu	0.00476700997526918
Ttc17	Ttc17	0.00467178729460787
Rsf1	Rsf1	0.00467051400710289
Tra2b	Tra2b	0.00466173548598125
Sqstm1	Sqstm1	0.00465296088466921
Fxn	Fxn	0.00464017173074129
Plch1	Plch1	0.00462480773499938
Luzp2	Luzp2	0.00461809804571262
Dbx2	Dbx2	0.00460453551672719
Hrsp12	Hrsp12	0.00457590850490862
Ehmt1	Ehmt1	0.00456992414250912
Zfp367	Zfp367	0.00456907719042584
Ube2d1	Ube2d1	0.00456004810665536
Gpm6b	Gpm6b	0.00455117001376166
Cenpw	Cenpw	0.00453902147817691
Mtmr2	Mtmr2	0.00452888519063949
Aarsd1	Aarsd1	0.00450867779636487
Capzb	Capzb	0.00450788624254367
Sun1	Sun1	0.00450628700500018
Atp6ap2	Atp6ap2	0.00449702052310339
Smg7	Smg7	0.00448896520732827
Csad	Csad	0.00447821270385378
Dact3	Dact3	0.0044362470696217
Mast2	Mast2	0.00443073155771432
Dkk3	Dkk3	0.00441205222057243
Esco1	Esco1	0.0044089303657798
Tox	Tox	0.00440022019893866
Prmt1	Prmt1	0.00438627143992171
Pddc1	Pddc1	0.00437206940201092
Uvssa	Uvssa	0.00436034652444382
Thada	Thada	0.00435410137736867
Exoc7	Exoc7	0.00434365375634619
Myo10	Myo10	0.00432914433559357
Zcchc18	Zcchc18	0.00432379621455068
X2810474O19Rik	X2810474O19Rik	0.00431892629115001
Glt8d1	Glt8d1	0.00430542782824437
Bptf	Bptf	0.00430446022310377
Cox8a	Cox8a	0.00429991204921354
Arcn1	Arcn1	0.00429224131654933
Atp5e	Atp5e	0.00428281313984535
Pja2	Pja2	0.00427673854611055
Braf	Braf	0.00425534536984315
Nfrkb	Nfrkb	0.00423333724650204
Zfp945	Zfp945	0.00422342942491846
Adar	Adar	0.00421447086743343
Shfm1	Shfm1	0.00420994861377467
Camk2g	Camk2g	0.00417916111088236
Ldhb	Ldhb	0.00416973280493318
Ntm	Ntm	0.00416847913820611
Gca	Gca	0.00416739203686136
Cwc15	Cwc15	0.0041670882918095
Fnbp1l	Fnbp1l	0.00414474246161799
Aco2	Aco2	0.00414114470215047
Ank	Ank	0.00411951051109492
Ndufb5	Ndufb5	0.00411040212884064
Zeb2	Zeb2	0.00410823006680546
Zbtb18	Zbtb18	0.00410615651361028
Zdhhc20	Zdhhc20	0.00410465579521786
Tax1bp1	Tax1bp1	0.00408690497686414
Sirt6	Sirt6	0.00408008127128352
Jmjd1c	Jmjd1c	0.00407875654243815
Dlx1	Dlx1	0.00406510645198146
Aamdc	Aamdc	0.00406146737653422
Rpl39	Rpl39	0.00404212301875924
Nmt1	Nmt1	0.00402097105075702
Pcf11	Pcf11	0.00398571490093703
Sltm	Sltm	0.00397125271037394
Add1	Add1	0.00397099541689894
Tpp1	Tpp1	0.00396978984533619
Cpeb4	Cpeb4	0.00396734881094518
Map3k1	Map3k1	0.00395225678492794
Wtap	Wtap	0.00393704511998517
Strn3	Strn3	0.00390629130260659
X8430419L09Rik	X8430419L09Rik	0.00389994090980158
X2810008D09Rik	X2810008D09Rik	0.0038814621701183
Ndufb4	Ndufb4	0.00387977034687631
Fam21	Fam21	0.00387686508065032
Adprh	Adprh	0.00386374821462721
Cnih	Cnih	0.00384187319104098
Prdx6	Prdx6	0.00382839560706418
Unc50	Unc50	0.0038272549689468
Psmb1	Psmb1	0.00381907801904942
Lrrc8a	Lrrc8a	0.00381455844209317
Gpld1	Gpld1	0.00379482299036825
Mgst1	Mgst1	0.00378821862709033
Actr6	Actr6	0.00376483251416577
Foxn3	Foxn3	0.0037625108062238
Ppp1r9a	Ppp1r9a	0.00375605063689833
Ppp3ca	Ppp3ca	0.00373908164254291
Ankle2	Ankle2	0.00370744893322091
Srgap3	Srgap3	0.00370402561495996
Ppil1	Ppil1	0.00368507856625797
Kif3a	Kif3a	0.00367576593220433
Kdelr2	Kdelr2	0.0036640695612785
Dbndd2	Dbndd2	0.00365688633525216
Rbmx	Rbmx	0.00364473980602716
Dlgap1	Dlgap1	0.00363057825513937
Tmem60	Tmem60	0.00362718585164302
Pkm	Pkm	0.00362655806834322
Mea1	Mea1	0.00362174741570264
Zfp516	Zfp516	0.00361632383546936
Nsd1	Nsd1	0.00358820144277576
Eny2	Eny2	0.00355386245415372
Jakmip2	Jakmip2	0.00355243510410101
Dad1	Dad1	0.0035250962175824
Vezt	Vezt	0.00352241198021949
Sept11	Sept11	0.00351820614015522
Ppt1	Ppt1	0.00349465662708089
Pmm1	Pmm1	0.00349130811625316
Serinc3	Serinc3	0.00348807241692636
Rngtt	Rngtt	0.00348719058898344
Ctso	Ctso	0.00348568068822332
Acyp2	Acyp2	0.0034723865053986
Fam60a	Fam60a	0.00343824464167519
Sbno1	Sbno1	0.00341519798718384
Ankrd17	Ankrd17	0.00341095064625536
Pfn1	Pfn1	0.00341054074446306
AI314180	AI314180	0.00341015213448313
Ngdn	Ngdn	0.00340976528272937
Trpc4ap	Trpc4ap	0.00339584392832076
Sdc4	Sdc4	0.00338200245187806
X1600012H06Rik	X1600012H06Rik	0.00337871744406166
Nudt9	Nudt9	0.00337512899510828
Grin2b	Grin2b	0.00335288051697907
Zfp36l2	Zfp36l2	0.00332173412236395
Brd9	Brd9	0.00331689986832758
Thbs4	Thbs4	0.00331202284248407
Sf3a1	Sf3a1	0.00329915701149119
Ppil2	Ppil2	0.00328317277785328
Comt	Comt	0.00326749096329169
AI854517	AI854517	0.00326143350290833
Aldoa	Aldoa	0.0032442386607528
Dusp11	Dusp11	0.00323748891144262
Ikbip	Ikbip	0.0032332893647182
Myl12a	Myl12a	0.00322773943619365
Itgav	Itgav	0.00321595865745931
Metap2	Metap2	0.00321401286678886
Rcc2	Rcc2	0.00319479089154703
Omg	Omg	0.00318752492424422
Rictor	Rictor	0.00318229294656921
Kcnn2	Kcnn2	0.0031813084633947
Bcl9	Bcl9	0.00317043858376567
Cdip1	Cdip1	0.0031599843343614
Appl2	Appl2	0.00315119262932268
X1810009A15Rik	X1810009A15Rik	0.00314615290412573
Prkar1a	Prkar1a	0.00314337441489111
Ik	Ik	0.00314282620558439
Eif2s1	Eif2s1	0.00312558123883249
Kansl1	Kansl1	0.00312524209025684
Ndufa1	Ndufa1	0.00311849547564173
Cpsf6	Cpsf6	0.00311363101458145
Nbeal1	Nbeal1	0.0031038597249408
Dclk1	Dclk1	0.00310291802281811
X4833420G17Rik	X4833420G17Rik	0.00308713743612612
Atp1b3	Atp1b3	0.00308082451327522
Celf1	Celf1	0.00305037011171325
Dcun1d1	Dcun1d1	0.00304975842573832
Nsmf	Nsmf	0.00304508533607899
Fzd2	Fzd2	0.00304179666603594
Eif3c	Eif3c	0.00303724615319013
Nme7	Nme7	0.00302021100433657
Clmn	Clmn	0.00301866995035066
Tgoln1	Tgoln1	0.00299673170814063
Hes1	Hes1	0.00299492771333358
Fgd6	Fgd6	0.00298982662478494
Nfatc2ip	Nfatc2ip	0.00298604610592231
Sucla2	Sucla2	0.00298068733033818
X9530091C08Rik	X9530091C08Rik	0.00297736734412058
Timm17b	Timm17b	0.00293630932857377
Zc3h11a	Zc3h11a	0.00289989926326403
Gspt1	Gspt1	0.00289269800798363
Mat2a	Mat2a	0.00288426748111022
Pde8b	Pde8b	0.00287955873082623
Hdgf	Hdgf	0.00282835664820751
Mmd2	Mmd2	0.00282801964386078
Ddx5	Ddx5	0.0027676895856743
Mdm2	Mdm2	0.00275946239339873
Fjx1	Fjx1	0.00274800981349153
Uqcrb	Uqcrb	0.00270041658334999
Slc38a3	Slc38a3	0.00267578757265868
Tnpo2	Tnpo2	0.00267343601863208
Commd2	Commd2	0.0026524674395824
Cox17	Cox17	0.00263632487430834
Gnao1	Gnao1	0.00261416345501627
Tcf25	Tcf25	0.00260721517245189
Calm1	Calm1	0.00257282626657089
Vwa9	Vwa9	0.00256136334617788
Cox6b1	Cox6b1	0.00253943468158664
Marcksl1	Marcksl1	0.002518205697359
Eif5b	Eif5b	0.00245444884911321
Rpl13a	Rpl13a	0.00239039777756387
Atp2a2	Atp2a2	0.00237797360699128
Gpatch8	Gpatch8	0.00236330136554802
Nap1l4	Nap1l4	0.00235045760160648
Usp37	Usp37	0.00234580280953824
Slc25a3	Slc25a3	0.00232664175957567
Pdpn	Pdpn	0.00231003528110666
Eml4	Eml4	0.00229771446161682
Cfl2	Cfl2	0.00229269948769675
Scaf11	Scaf11	0.0022923721372093
Mtfr1l	Mtfr1l	0.00228864265344851
Mcm7	Mcm7	0.0022232314946688
Ccdc12	Ccdc12	0.00212296611375662
Kdm1a	Kdm1a	0.00212113573322136
E030024N20Rik	E030024N20Rik	0.0020234178366754
Ndufa4	Ndufa4	0.0020117658902427
Csnk2b	Csnk2b	0.00196497317350426
Calm3	Calm3	0.00195324943255046
Sc5d	Sc5d	0.00191251446890884
Nfix	Nfix	0.00182921950125593
Rps3	Rps3	0.00182471852255175
Bola3	Bola3	0.00181503831014933
Hsd17b11	Hsd17b11	0.00179874917421448
Ythdf2	Ythdf2	0.00178242026849275
Pdlim5	Pdlim5	0.0017794433969404
Hsd17b4	Hsd17b4	0.00176900218927106
Phgdh	Phgdh	0.00175736524914481
Usp22	Usp22	0.00175171560200404
Pam	Pam	0.00173993056624631
Iqsec1	Iqsec1	0.00172501171519974
Acsbg1	Acsbg1	0.00172349753146672
Lonrf3	Lonrf3	0.00171830895206094
Ttyh2	Ttyh2	0.00171523895852537
Wnk1	Wnk1	0.00171450841299614
Ints7	Ints7	0.00170538116250346
Fgfr1	Fgfr1	0.00170247154973371
Fdx1	Fdx1	0.0016993851908382
Copa	Copa	0.00169305666524767
Cyp2j6	Cyp2j6	0.00168990648296929
Lpcat3	Lpcat3	0.00168896873309968
Emc7	Emc7	0.00168643152372569
Mfap3l	Mfap3l	0.00167948341850636
Atp1a2	Atp1a2	0.0016623722029965
Rbm28	Rbm28	0.0016489666376506
Dctn4	Dctn4	0.00164628059862625
Ndrg2	Ndrg2	0.00164556421698895
Rpl4	Rpl4	0.00164155891592965
Elovl5	Elovl5	0.00163490189027719
Serpinh1	Serpinh1	0.00163014570847783
Scap	Scap	0.00162962082283557
Sort1	Sort1	0.00162699469745775
Foxo1	Foxo1	0.0016230659374878
Chd9	Chd9	0.00162298431367865
Rpl23	Rpl23	0.00159974985568224
Magt1	Magt1	0.00159913057327692
Zfp790	Zfp790	0.00159603112314487
Tmed5	Tmed5	0.00159310964044084
Cenpi	Cenpi	0.00158063506030696
Hcfc1	Hcfc1	0.00157752822026631
Mthfsd	Mthfsd	0.00157454752512736
Agpat5	Agpat5	0.00155611078572894
Sall2	Sall2	0.00155374051720406
Flcn	Flcn	0.00153183056753583
Camk2d	Camk2d	0.00152931010937708
Plxnb1	Plxnb1	0.00151611113202192
Itfg1	Itfg1	0.00151582839992599
Sfxn5	Sfxn5	0.00151548522979553
Prex2	Prex2	0.00149560530584448
Hnrnpul1	Hnrnpul1	0.00149276498010767
Tsga10	Tsga10	0.00149057987382745
Ift81	Ift81	0.00148725830372018
Trim59	Trim59	0.0014739882648901
Tmem229a	Tmem229a	0.00146987725544194
Slc33a1	Slc33a1	0.00146341971587343
Ybx1	Ybx1	0.00145065766990459
Pdcd10	Pdcd10	0.00145014802165796
Odc1	Odc1	0.00144979976007451
Smarca5	Smarca5	0.00144403806156697
Zranb2	Zranb2	0.00142773846479751
Hist1h4d	Hist1h4d	0.00142734440605186
Bfar	Bfar	0.00140911958159641
Ercc6	Ercc6	0.00140899375012875
BC053749	BC053749	0.00140705792145537
Gstm5	Gstm5	0.00140367651934755
Pdhb	Pdhb	0.00139893669978215
Clk4	Clk4	0.00139782775900388
Atp8a1	Atp8a1	0.00139250721825618
Ntrk2	Ntrk2	0.00139029689306024
Dnajb9	Dnajb9	0.0013886716834469
D4Wsu53e	D4Wsu53e	0.00138386742412873
Emp2	Emp2	0.00138364880967474
Glrb	Glrb	0.0013817573864792
Tspan3	Tspan3	0.00137884433797719
Cbx5	Cbx5	0.00137797258195356
Daam2	Daam2	0.00136078462901566
Clasp2	Clasp2	0.00135997858178939
Mtdh	Mtdh	0.00135819479951873
Abhd4	Abhd4	0.00135759560328861
Scoc	Scoc	0.00133818778318024
AI597468	AI597468	0.00131779022547157
Anp32b	Anp32b	0.00130185376872604
Btf3l4	Btf3l4	0.0012937427599626
Jak1	Jak1	0.00128428838596746
Sema6d	Sema6d	0.00127184848743059
Pygb	Pygb	0.0012709642417649
Prpf4b	Prpf4b	0.00126998900913181
Oxct1	Oxct1	0.00126847693302096
Tnik	Tnik	0.00126007629385424
Med7	Med7	0.00124976490435086
Acox1	Acox1	0.00124574925595907
Idh1	Idh1	0.0012422263025271
Sfr1	Sfr1	0.00123073258557997
Phactr1	Phactr1	0.00122909728538147
Ube3a	Ube3a	0.00122254609365055
X5830416P10Rik	X5830416P10Rik	0.00121676935794541
Pgm2	Pgm2	0.00121593924348103
Rps15	Rps15	0.00121518376217079
Zfp532	Zfp532	0.00121513865994263
Mllt4	Mllt4	0.00121478624161728
Hnrnph1	Hnrnph1	0.00120776000990402
March5	March5	0.00120604609825196
Prnp	Prnp	0.0011994720180496
Cpne2	Cpne2	0.00119524971435189
Pik3c2a	Pik3c2a	0.00119001701731948
Lxn	Lxn	0.00118870217995865
Cyfip1	Cyfip1	0.00118517242608333
Igsf11	Igsf11	0.00118153845195771
X2810055G20Rik	X2810055G20Rik	0.00117856338935004
Pold3	Pold3	0.00117199726268282
Spag9	Spag9	0.00116693513070706
Cnot2	Cnot2	0.00115054753803253
Srebf1	Srebf1	0.00114369283022932
Txndc12	Txndc12	0.00114310424134349
Mrpl24	Mrpl24	0.00114037341833722
Mlc1	Mlc1	0.00114025764356359
Rps14	Rps14	0.00113861439164063
Pkd2	Pkd2	0.00113856258875446
Tmf1	Tmf1	0.00113743478399592
Cdk4	Cdk4	0.00112073014238799
Dennd5b	Dennd5b	0.00111196721932837
Arfip1	Arfip1	0.00111151004070143
X1500012F01Rik	X1500012F01Rik	0.00111063058908219
Cdk5r1	Cdk5r1	0.00110045039166834
Pdcd6	Pdcd6	0.00109760564769817
Myo9b	Myo9b	0.00109299705053726
Rwdd1	Rwdd1	0.00108507158363878
Atp5b	Atp5b	0.00108438793799559
Myeov2	Myeov2	0.00107655698978141
Zfp281	Zfp281	0.00107296367854822
Srsf10	Srsf10	0.00107122236586717
Mycbp2	Mycbp2	0.0010701663583822
Rassf2	Rassf2	0.00107011310407733
Nasp	Nasp	0.00106828579347262
Med28	Med28	0.00106305838734565
AW549877	AW549877	0.00105339674195274
Srp72	Srp72	0.00105092218346869
Celf2	Celf2	0.00103534587276743
Acot2	Acot2	0.0010333417765133
Chek2	Chek2	0.00103119537750544
X6820431F20Rik	X6820431F20Rik	0.00103021771458344
Mtus1	Mtus1	0.00102660380040839
Ndufa7	Ndufa7	0.00101899375010117
Bola2	Bola2	0.00101845323880673
Rbm25	Rbm25	0.00101552123779106
BC005561	BC005561	0.00101453622398058
Bora	Bora	0.0010123090232023
Aes	Aes	0.00101122460420268
Spcs2	Spcs2	0.00100780075686355
Mrps14	Mrps14	0.00099957169480835
Cbx1	Cbx1	0.00099453147815184
Mt3	Mt3	0.00099185544609358
Chd6	Chd6	0.000989424080829473
Marcks	Marcks	0.000976813004040317
Dcp2	Dcp2	0.000975836681058634
Dennd5a	Dennd5a	0.000969968172716592
Nusap1	Nusap1	0.000969797745364213
Lsm7	Lsm7	0.000961887794763519
Upf1	Upf1	0.000960168197059521
Spc25	Spc25	0.000959938286764022
Glud1	Glud1	0.00095656963275643
Ccdc34	Ccdc34	0.000948335136606994
Rpl18a	Rpl18a	0.000945931312348544
Api5	Api5	0.000943489551344829
Ndufa3	Ndufa3	0.000943234131345074
Snx14	Snx14	0.000934274197966164
X2810417H13Rik	X2810417H13Rik	0.000934130690898638
Huwe1	Huwe1	0.000930503952420257
Acsl3	Acsl3	0.000925387524747825
Raf1	Raf1	0.000922283882333684
Wdr35	Wdr35	0.000919804419896142
Arid4b	Arid4b	0.000911962356603308
Ssu72	Ssu72	0.000903605255833395
Ube2n	Ube2n	0.000903357192655957
Csde1	Csde1	0.000898617864079394
Mau2	Mau2	0.000892625876142255
Srp19	Srp19	0.000890338685170695
Med10	Med10	0.000890035347565418
Eif4g3	Eif4g3	0.000883255710667014
Rnf167	Rnf167	0.000874238360554555
Cox7b	Cox7b	0.000866441395653711
Eif1b	Eif1b	0.000860630248895009
Sema4b	Sema4b	0.000859512709466383
Ccna2	Ccna2	0.000857663481937768
Rpl22	Rpl22	0.000849982679024133
X2810004N23Rik	X2810004N23Rik	0.000848990834452834
Ddx17	Ddx17	0.000848703612346823
Maz	Maz	0.000842500870416373
Gtf3c6	Gtf3c6	0.000840205543768986
Chmp5	Chmp5	0.000837732747125534
Ccdc59	Ccdc59	0.000827850666213703
Gps2	Gps2	0.000822494088339123
Lsm6	Lsm6	0.000818939784097078
Map4	Map4	0.000806265024123548
Cstf2t	Cstf2t	0.00079282171259506
Trappc4	Trappc4	0.000792653411995303
Zfp637	Zfp637	0.000777657877867304
Brd8	Brd8	0.000766205392821243
Ggcx	Ggcx	0.000766027692910755
X2700029M09Rik	X2700029M09Rik	0.000749783421375979
Clns1a	Clns1a	0.000749229267834876
Tubb5	Tubb5	0.000744334592572785
Elp2	Elp2	0.000740337180420576
Psmd2	Psmd2	0.000711268972767698
Cks1b	Cks1b	0.000701939918783785
Eif3h	Eif3h	0.000695363222794126
Crmp1	Crmp1	0.000695304609980724
Aurka	Aurka	0.000684702788838105
Guk1	Guk1	0.000676409085991623
Ankrd32	Ankrd32	0.000676008256573769
Psmc1	Psmc1	0.000660809058476192
Cenpe	Cenpe	0.000643350913744664
Anp32e	Anp32e	0.000639908594288168
Ak2	Ak2	0.00062814546321433
Neil3	Neil3	0.000615330099557301
Bccip	Bccip	0.000600201655434392
Hyou1	Hyou1	0.000597928819967267
Aasdhppt	Aasdhppt	0.000583318103455498
Snrpe	Snrpe	0.000582666151621618
Casc5	Casc5	0.000572379572434255
Snrpd1	Snrpd1	0.00054342051405464
Kif22	Kif22	0.000527720803140939
Papola	Papola	0.000523223758717378
Hint1	Hint1	0.000512840535683876
Atp5h	Atp5h	0.000512133274233773
X2410006H16Rik	X2410006H16Rik	0.000503064436683078
Mis18bp1	Mis18bp1	0.00047473333381384
Gstm1	Gstm1	0.000455093385017555
Gnas	Gnas	0.000443212733229702
Pbrm1	Pbrm1	0.000436049327332265
Ivns1abp	Ivns1abp	0.000420066337105767
Zmiz1	Zmiz1	0.000416099276189881
Kif15	Kif15	0.000415639647876555
Eif4h	Eif4h	0.000400202221781007
Anapc13	Anapc13	0.000386647760035096
Tmsb10	Tmsb10	0.000328904067677594
Sf1	Sf1	0.000317106875723607
Nabp2	Nabp2	0.000316333940189828
Ubb	Ubb	0.000298905889274676
Polr1d	Polr1d	0.000284145449379057
Tle4	Tle4	0.000279456303989504
Il18	Il18	0.000278955657896595
Bod1	Bod1	0.000276244295300282
Rplp2	Rplp2	0.000268882914964549
Eef1g	Eef1g	0.000267579279554557
Dyrk1a	Dyrk1a	0.00025410597152987
Eif5	Eif5	0.000253933267839457
Ddah2	Ddah2	0.00025092408947498
Pttg1	Pttg1	0.000247966016755937
Cspg5	Cspg5	0.000242580484952279
Tbl2	Tbl2	0.000242474617358558
H2afx	H2afx	0.000241887880475764
Lima1	Lima1	0.000240646949908547
Uhrf1	Uhrf1	0.000237978934668923
Arid1a	Arid1a	0.000235219460893507
Ccnb1	Ccnb1	0.000231082676450015
Atp5j	Atp5j	0.000229399902953274
Serbp1	Serbp1	0.000229025317657161
Atp5j2	Atp5j2	0.000225468979198529
Mrpl51	Mrpl51	0.000212450954684394
Chchd2	Chchd2	0.000212224178023249
Ckb	Ckb	0.000209027158607804
Abca1	Abca1	0.000207614417047075
Cenpc1	Cenpc1	0.000202894132956852
H2afy	H2afy	0.000202499815760153
X1190002F15Rik	X1190002F15Rik	0.000202340984546144
Cep110	Cep110	0.000202276695186834
Snrpg	Snrpg	0.000201526630324245
Gdpd1	Gdpd1	0.000197493554329292
Nsfl1c	Nsfl1c	0.000196646886075124
Mmgt1	Mmgt1	0.000195417474182194
Ptprs	Ptprs	0.000192117252302021
Eml5	Eml5	0.000191341245151115
Smarce1	Smarce1	0.00018574341578372
Golm1	Golm1	0.000184416854953188
Dynll2	Dynll2	0.000181216938735595
Snw1	Snw1	0.000178019314179074
Gnb2l1	Gnb2l1	0.000177785771435768
Rps27l	Rps27l	0.000176434838664063
Wbp4	Wbp4	0.000171304424383931
Dynll1	Dynll1	0.000167855989890747
Wdr61	Wdr61	0.000167511498872439
Immt	Immt	0.000167324195246193
Hells	Hells	0.000166173117427304
Hist1h1e	Hist1h1e	0.000161120900496459
Ndufb11	Ndufb11	0.000160465184612111
X1810026B05Rik	X1810026B05Rik	0.000159904342623374
Ado	Ado	0.000159467077686273
Tmem9	Tmem9	0.000158889917794093
Nudt2	Nudt2	0.000154656857281337
Sat1	Sat1	0.000154560251412028
Notch2	Notch2	0.000152510211054726
Rps29	Rps29	0.000150783720958099
Rpl14	Rpl14	0.0001497803367775
Twsg1	Twsg1	0.000147559071811451
Dnajc10	Dnajc10	0.00014704346562314
Phka1	Phka1	0.000143130989386146
Hax1	Hax1	0.000142918091718662
Lyrm4	Lyrm4	0.000140357401014758
Spag5	Spag5	0.000139108278226995
Eif3a	Eif3a	0.000138376839205658
Npm1	Npm1	0.000138149075143929
Fads1	Fads1	0.000136857145884686
Grm3	Grm3	0.000136508445939869
Cmc2	Cmc2	0.000136248819770062
Nbn	Nbn	0.000135993854162507
Timm23	Timm23	0.00013377176830322
Asrgl1	Asrgl1	0.000132613456346515
Rpl38	Rpl38	0.00012907031970618
Cep55	Cep55	0.000128839789437677
Gtf2a2	Gtf2a2	0.000128577433317207
AU040320	AU040320	0.000126739252855315
Smad5	Smad5	0.000126684335683005
Cdkn1b	Cdkn1b	0.000126134993114927
Efcab14	Efcab14	0.00012535009258691
Glrx3	Glrx3	0.000125112629365125
Zw10	Zw10	0.000124834259038278
Igfbp5	Igfbp5	0.0001215195207542
Shprh	Shprh	0.000121209062270505
Tuba1b	Tuba1b	0.000120618085478836
Sin3a	Sin3a	0.000120184415158764
Dtna	Dtna	0.000118625917008127
Zmym2	Zmym2	0.000118466804514913
Ncapg	Ncapg	0.000118320048820057
Olig2	Olig2	0.000118131579622413
Rpl7a	Rpl7a	0.000117046304058757
Golt1b	Golt1b	0.000115807837715398
Haus1	Haus1	0.000115236386831873
Ncoa1	Ncoa1	0.000114842023407305
Lcmt1	Lcmt1	0.0001148414486541
Phip	Phip	0.000113684063650697
Racgap1	Racgap1	0.000113135584789934
Ptn	Ptn	0.000111975815308012
Mis18a	Mis18a	0.000110648942022762
Sf3b3	Sf3b3	0.000109519773526601
Emg1	Emg1	0.000109194397202449
C1d	C1d	0.000108679075320314
Ube2d2a	Ube2d2a	0.000107350301669044
Nedd4	Nedd4	0.000107124557495342
X4933404O12Rik	X4933404O12Rik	0.000106707002014021
Pdia3	Pdia3	0.000106373377443581
Lrrcc1	Lrrcc1	0.00010606365006855
Ahsa2	Ahsa2	0.000105923702591908
Ilf3	Ilf3	0.000105079007474228
Dync1li2	Dync1li2	0.000102224689841907
Tpm4	Tpm4	9.9260095733005e-05
Hist1h2ae	Hist1h2ae	9.92497968459769e-05
Dazap2	Dazap2	9.89050138730798e-05
Gjb6	Gjb6	9.84276291769507e-05
Oard1	Oard1	9.83215318891734e-05
Tuba1a	Tuba1a	9.83081607510468e-05
Ndufs3	Ndufs3	9.78979084318848e-05
Mcm10	Mcm10	9.74282039995362e-05
X5430417L22Rik	X5430417L22Rik	9.69841761393608e-05
Mxd3	Mxd3	9.601676328974e-05
X2700049A03Rik	X2700049A03Rik	9.57025596216938e-05
Tecr	Tecr	9.55607692548869e-05
Dtl	Dtl	9.50445925979638e-05
Srsf9	Srsf9	9.42680163314804e-05
Dbi	Dbi	9.39675782676328e-05
Zfp592	Zfp592	9.302441766354e-05
Elavl4	Elavl4	9.08805980473498e-05
Chuk	Chuk	8.88056665577363e-05
Ndufv2	Ndufv2	8.84384604016101e-05
Morf4l2	Morf4l2	8.81581600432039e-05
Nup88	Nup88	8.69225685345265e-05
Sugt1	Sugt1	8.62810949403489e-05
Nras	Nras	8.58033109221114e-05
Rps15a	Rps15a	8.56712308600565e-05
Cs	Cs	8.53760461087627e-05
Cdc5l	Cdc5l	8.51842837293983e-05
Ngfrap1	Ngfrap1	8.50736682686526e-05
Cycs	Cycs	8.45863757080872e-05
Rbm12b2	Rbm12b2	8.43860221700769e-05
Mrfap1	Mrfap1	8.41083297391937e-05
Kif21a	Kif21a	8.31754870167657e-05
Scrg1	Scrg1	8.27746732632298e-05
Anapc11	Anapc11	8.13775710752044e-05
Uhrf2	Uhrf2	8.12408181515021e-05
Arf4	Arf4	8.11909853655793e-05
Clpp	Clpp	8.1150098342338e-05
Pebp1	Pebp1	8.05204444928895e-05
Chek1	Chek1	8.04011895998489e-05
Atpif1	Atpif1	7.99828314773943e-05
Polr2e	Polr2e	7.96511737333228e-05
Parp2	Parp2	7.94657535096777e-05
Cct3	Cct3	7.92479457371247e-05
Adnp	Adnp	7.8639864797716e-05
Kif1b	Kif1b	7.80440329358445e-05
Arhgap11a	Arhgap11a	7.80333141865405e-05
Ncor1	Ncor1	7.80299691707189e-05
Leng8	Leng8	7.78108480956524e-05
Smarcc1	Smarcc1	7.68013152253452e-05
Cdr2l	Cdr2l	7.57949205901747e-05
Adam10	Adam10	7.44175858641575e-05
Jun	Jun	7.39333579539667e-05
Mbnl1	Mbnl1	7.36616814068245e-05
Bhlhe41	Bhlhe41	7.34630499965936e-05
Kif23	Kif23	7.26730833195722e-05
Rrm1	Rrm1	7.26102462047259e-05
Cisd1	Cisd1	7.25049330404221e-05
Derl1	Derl1	7.24701778586287e-05
Gpbp1l1	Gpbp1l1	7.19184250778343e-05
Dleu2	Dleu2	7.16180738803119e-05
Atad2	Atad2	7.14929992303483e-05
Tsc22d3	Tsc22d3	7.08290970605233e-05
Zfp871	Zfp871	7.04249460570439e-05
Tmem167	Tmem167	6.94528786410705e-05
Kif20a	Kif20a	6.94181231075809e-05
Cisd2	Cisd2	6.9192131595258e-05
Nol11	Nol11	6.88486685593274e-05
Zfp113	Zfp113	6.82072975544487e-05
Tm2d3	Tm2d3	6.78906603772018e-05
Sf3b4	Sf3b4	6.77831850982864e-05
Ammecr1l	Ammecr1l	6.76472258374598e-05
Clspn	Clspn	6.70432406353204e-05
Rps4x	Rps4x	6.64514311513869e-05
Fcf1	Fcf1	6.63044861953188e-05
C330027C09Rik	C330027C09Rik	6.46989803274218e-05
Stard7	Stard7	6.45567600986013e-05
Cdk5rap2	Cdk5rap2	6.39094751947637e-05
Snx5	Snx5	6.37753239789584e-05
Esd	Esd	6.36135731372271e-05
Mll5	Mll5	6.34775493442845e-05
Prkcsh	Prkcsh	6.29906473249642e-05
Ogt	Ogt	6.28242410329349e-05
Rbm15	Rbm15	6.27803136820823e-05
Med19	Med19	6.16496070535912e-05
Cbfb	Cbfb	6.15787756231005e-05
Eif4a2	Eif4a2	6.15518806785394e-05
Ndufa11	Ndufa11	6.14804672367936e-05
Mdk	Mdk	6.01636845458715e-05
Tet2	Tet2	6.01396726301633e-05
Ccar1	Ccar1	6.00532273433739e-05
Cdv3	Cdv3	6.00411433973824e-05
Fkbp8	Fkbp8	5.99869458653541e-05
Pmf1	Pmf1	5.99510768310211e-05
Suds3	Suds3	5.95504734414054e-05
Rcbtb2	Rcbtb2	5.84268346184891e-05
Gse1	Gse1	5.82185587982625e-05
Tbrg1	Tbrg1	5.80139912621425e-05
Eprs	Eprs	5.79136130209425e-05
Syt11	Syt11	5.72528275752655e-05
Dhx40	Dhx40	5.69241629280987e-05
Dync1i2	Dync1i2	5.64546641106232e-05
X0610009B22Rik	X0610009B22Rik	5.6004936193026e-05
X2610507B11Rik	X2610507B11Rik	5.49216808049079e-05
Ggps1	Ggps1	5.36621354253874e-05
Rpl13	Rpl13	5.32135853862664e-05
Zfp868	Zfp868	5.27980985541315e-05
Atpbd4	Atpbd4	5.22095623411913e-05
Chd7	Chd7	5.21431597102511e-05
Cnpy4	Cnpy4	5.20908866196146e-05
Dscaml1	Dscaml1	5.19823553551027e-05
Cmpk1	Cmpk1	5.13348311937003e-05
Pank4	Pank4	5.11668972309171e-05
Ppm1k	Ppm1k	5.10142821592149e-05
Erlin2	Erlin2	5.07097562892208e-05
Chka	Chka	5.02276567202194e-05
Pik3ca	Pik3ca	4.99200794757312e-05
Krtcap2	Krtcap2	4.97550094249876e-05
Ifrd1	Ifrd1	4.93655743016004e-05
Tcerg1	Tcerg1	4.88496321451113e-05
Ubr7	Ubr7	4.88097506204129e-05
Rhoa	Rhoa	4.8803441131874e-05
Mrpl47	Mrpl47	4.88024358863351e-05
Pdp1	Pdp1	4.86125414976845e-05
X2810013P06Rik	X2810013P06Rik	4.83276871360663e-05
Hypk	Hypk	4.829283829785e-05
Aplp2	Aplp2	4.82805253247724e-05
X1110004F10Rik	X1110004F10Rik	4.8186870106952e-05
Taf3	Taf3	4.80937702931548e-05
Rnf2	Rnf2	4.80491473851914e-05
Capza2	Capza2	4.75046685024757e-05
Scg5	Scg5	4.74419631650019e-05
Kif20b	Kif20b	4.724797936801e-05
Egln1	Egln1	4.70016388749115e-05
BC002163	BC002163	4.67760580836166e-05
Sec61b	Sec61b	4.67442761311602e-05
Psmb2	Psmb2	4.65199370114037e-05
Ddx21	Ddx21	4.64299536102186e-05
Med13	Med13	4.6282526886003e-05
Bmpr1a	Bmpr1a	4.6110851664598e-05
Pfdn4	Pfdn4	4.55985667973448e-05
Fez1	Fez1	4.50891930464244e-05
Fsd1l	Fsd1l	4.48256297660099e-05
Trmt10a	Trmt10a	4.45575871421177e-05
Ap2a2	Ap2a2	4.45416723570572e-05
Arid1b	Arid1b	4.43051991851807e-05
Mkks	Mkks	4.40730666450558e-05
Matr3	Matr3	4.37238737429845e-05
Ergic1	Ergic1	4.36882992195663e-05
Nsg2	Nsg2	4.35013678814082e-05
Gtpbp4	Gtpbp4	4.30069388857232e-05
Trim13	Trim13	4.29686017336211e-05
Mbtps1	Mbtps1	4.27608053922222e-05
Yes1	Yes1	4.23434716589289e-05
Cdc42se2	Cdc42se2	4.21913550307295e-05
Sox4	Sox4	4.21567077459151e-05
Psma7	Psma7	4.19967047528932e-05
Gm6402	Gm6402	4.17330589494647e-05
Slc27a1	Slc27a1	4.13807718099122e-05
Eif2b1	Eif2b1	4.12795870651246e-05
Uqcrh	Uqcrh	4.11058478776365e-05
Ndufb8	Ndufb8	4.09287277937625e-05
Psmg2	Psmg2	4.0698242441695e-05
Psmd6	Psmd6	4.0561783717088e-05
Ddx46	Ddx46	4.04790016441227e-05
Ctps	Ctps	4.02974450160138e-05
Ttf1	Ttf1	4.02224966659805e-05
Rps20	Rps20	4.01812612530749e-05
Cnot6	Cnot6	4.00955230373486e-05
Frg1	Frg1	4.00229153133418e-05
Atf4	Atf4	4.00168141574724e-05
Cox5a	Cox5a	3.9559343305435e-05
Rpl21	Rpl21	3.94304801599474e-05
Arl8b	Arl8b	3.93646801266904e-05
Fubp3	Fubp3	3.91792327662925e-05
Hspa9	Hspa9	3.90606901863414e-05
Camsap2	Camsap2	3.8969111274974e-05
Eif2a	Eif2a	3.88325431608803e-05
Srrm2	Srrm2	3.87830683498683e-05
N4bp2l2	N4bp2l2	3.86986305348767e-05
Bub3	Bub3	3.82901576610237e-05
Fam136a	Fam136a	3.81825544676011e-05
Orc2	Orc2	3.80158132433296e-05
Ubac1	Ubac1	3.7544804891067e-05
Snrpa1	Snrpa1	3.75186157668907e-05
Rab8a	Rab8a	3.72835155022574e-05
Map1lc3b	Map1lc3b	3.72349900173843e-05
Tsn	Tsn	3.6979823606534e-05
Naca	Naca	3.66397469192414e-05
Brca2	Brca2	3.59946594427775e-05
Sept7	Sept7	3.58976680739613e-05
Atxn7l3b	Atxn7l3b	3.57614915832507e-05
Nisch	Nisch	3.56723255975531e-05
Utp14a	Utp14a	3.56289000261567e-05
Smad1	Smad1	3.55074043042451e-05
Atp6v0e	Atp6v0e	3.53484934450328e-05
Eif3g	Eif3g	3.50094355070627e-05
Gpr56	Gpr56	3.48679365855311e-05
Larp4	Larp4	3.45778211795545e-05
AU019823	AU019823	3.45276592855434e-05
Ldha	Ldha	3.43701232083586e-05
Mien1	Mien1	3.42834032675999e-05
Rnaseh2b	Rnaseh2b	3.42315336133476e-05
Ssna1	Ssna1	3.4231241685817e-05
Bard1	Bard1	3.4178689989223e-05
Wbp5	Wbp5	3.40713678646021e-05
Ptplad1	Ptplad1	3.40279577364871e-05
Trmt1	Trmt1	3.38867277964293e-05
X2410015M20Rik	X2410015M20Rik	3.38131150953429e-05
Idh3b	Idh3b	3.37881623671451e-05
Dtymk	Dtymk	3.35405528918574e-05
Clcn4.2	Clcn4.2	3.34764121000043e-05
Srrm1	Srrm1	3.34304423455149e-05
Gng5	Gng5	3.31344610142072e-05
Ctdspl2	Ctdspl2	3.31291819914689e-05
Bzw2	Bzw2	3.30473805187995e-05
Ankhd1	Ankhd1	3.29775575031215e-05
Mapk8	Mapk8	3.28496209824425e-05
H1f0	H1f0	3.28321283211939e-05
Park7	Park7	3.27686821332857e-05
Ap3d1	Ap3d1	3.26603112667469e-05
Numa1	Numa1	3.26566313808496e-05
Senp7	Senp7	3.25729922959478e-05
Stk38l	Stk38l	3.20132488919075e-05
Cdc20	Cdc20	3.20013414483157e-05
Smarca4	Smarca4	3.16341141455535e-05
Trp53	Trp53	3.06948535149036e-05
Nptn	Nptn	3.06115489406033e-05
Rnf4	Rnf4	3.01026933535496e-05
Hnrnpc	Hnrnpc	3.00779558945285e-05
Pgls	Pgls	2.99683911973333e-05
Acin1	Acin1	2.99580680008714e-05
Anp32a	Anp32a	2.98716002999342e-05
Nlgn3	Nlgn3	2.9549335823752e-05
Rpa3	Rpa3	2.95389573466566e-05
Nr2e1	Nr2e1	2.94625906944062e-05
Gtf3c2	Gtf3c2	2.9459127004741e-05
Cul5	Cul5	2.93294199023354e-05
Ndufa12	Ndufa12	2.92466097267647e-05
Mrpl18	Mrpl18	2.91826310155819e-05
D930015E06Rik	D930015E06Rik	2.90775668411308e-05
Igf1r	Igf1r	2.84321828556576e-05
Ttbk2	Ttbk2	2.83450463278363e-05
Pa2g4	Pa2g4	2.79262581151271e-05
Seh1l	Seh1l	2.78493541326215e-05
Dazap1	Dazap1	2.76779934199905e-05
Tubg1	Tubg1	2.74218002303039e-05
Csnk2a2	Csnk2a2	2.73599213420736e-05
U2surp	U2surp	2.7320276179042e-05
Sgol2	Sgol2	2.72763350100653e-05
Pnn	Pnn	2.70786876012729e-05
Coa3	Coa3	2.69341195984047e-05
Nufip2	Nufip2	2.68951066612355e-05
Psme2	Psme2	2.68747034897726e-05
Snhg1	Snhg1	2.60455591098783e-05
Eef2	Eef2	2.57878724475309e-05
Tcf12	Tcf12	2.57433820280195e-05
Tfam	Tfam	2.56870983011229e-05
Bcl7a	Bcl7a	2.54688331410859e-05
Pbx1	Pbx1	2.54157369059836e-05
Pkia	Pkia	2.51093141355881e-05
Ash1l	Ash1l	2.50108954744282e-05
B4galt1	B4galt1	2.4968052367149e-05
Pum1	Pum1	2.49548142653289e-05
Ttc9c	Ttc9c	2.48611049795785e-05
Snx6	Snx6	2.47707603405428e-05
Fh1	Fh1	2.47260517755401e-05
Prpf8	Prpf8	2.47135023321889e-05
Timmdc1	Timmdc1	2.43153983223383e-05
Rfx4	Rfx4	2.42509779721152e-05
Ptcd3	Ptcd3	2.42374671665831e-05
Ing5	Ing5	2.42063255123447e-05
Cpsf4	Cpsf4	2.41927039147117e-05
Senp6	Senp6	2.39655893573293e-05
Ndufs7	Ndufs7	2.39068627104085e-05
Rufy2	Rufy2	2.38904502673769e-05
Crls1	Crls1	2.38886607219426e-05
Cd24a	Cd24a	2.38235896407214e-05
Kif5b	Kif5b	2.3787220560339e-05
Rrm2	Rrm2	2.36558866140495e-05
Phf20	Phf20	2.34251587482923e-05
March7	March7	2.33778437774951e-05
D14Abb1e	D14Abb1e	2.33232181373492e-05
Erh	Erh	2.32060377431535e-05
Vim	Vim	2.29225235238948e-05
H3f3a	H3f3a	2.28873760635802e-05
Pou3f3	Pou3f3	2.28386546766245e-05
Napg	Napg	2.27416720623823e-05
Herc1	Herc1	2.24066437726337e-05
Rheb	Rheb	2.23623044423918e-05
Cox5b	Cox5b	2.20751146713234e-05
G2e3	G2e3	2.19561987920245e-05
Romo1	Romo1	2.17657830511279e-05
Gpcpd1	Gpcpd1	2.16419725228803e-05
Rpl10a	Rpl10a	2.15425216712779e-05
Meaf6	Meaf6	2.12845071277062e-05
Uqcrq	Uqcrq	2.12508977075004e-05
Rgcc	Rgcc	2.11657516746495e-05
Ttk	Ttk	2.05711897262458e-05
Mrpl12	Mrpl12	2.05251431154363e-05
Tyms	Tyms	2.04026338720634e-05
Mll1	Mll1	1.98517599437324e-05
Dld	Dld	1.98256902438055e-05
Pcnp	Pcnp	1.95921083291006e-05
Crebbp	Crebbp	1.95330163129631e-05
Atxn10	Atxn10	1.9435734822421e-05
Cd9	Cd9	1.93636462289988e-05
Nfe2l2	Nfe2l2	1.89546040520677e-05
Kdm2a	Kdm2a	1.89149939019817e-05
Tceal8	Tceal8	1.87750796744652e-05
B230219D22Rik	B230219D22Rik	1.85746365125335e-05
Vdac2	Vdac2	1.84175883005624e-05
Ezr	Ezr	1.83389501527362e-05
Zfp780b	Zfp780b	1.82691561700337e-05
Rnf7	Rnf7	1.81553906651827e-05
Fxr1	Fxr1	1.80735228227976e-05
Lin54	Lin54	1.78534174200738e-05
Gon4l	Gon4l	1.7665699323889e-05
Rps10	Rps10	1.75136593762743e-05
Tomm34	Tomm34	1.75054887168721e-05
Mpc1	Mpc1	1.7457151000216e-05
Cacybp	Cacybp	1.74023104515834e-05
Epc1	Epc1	1.73373554911722e-05
Magoh	Magoh	1.7286662402666e-05
Ube4b	Ube4b	1.71309792214522e-05
Cenpq	Cenpq	1.70389385362441e-05
X0610010F05Rik	X0610010F05Rik	1.69416890505618e-05
Ppwd1	Ppwd1	1.69029396091918e-05
X9330159F19Rik	X9330159F19Rik	1.68700941135455e-05
Atp5l	Atp5l	1.67441536626206e-05
Adrbk2	Adrbk2	1.67158238458926e-05
Taf1d	Taf1d	1.66460536862373e-05
Erp29	Erp29	1.63551672750863e-05
Zfml	Zfml	1.63326997118144e-05
Ndufb10	Ndufb10	1.61287073729635e-05
Bub1	Bub1	1.6006563370839e-05
Rad51	Rad51	1.59603291012004e-05
Sertad2	Sertad2	1.55883909832385e-05
Cstf1	Cstf1	1.55343307016459e-05
Abcc5	Abcc5	1.55024852028383e-05
Uqcrc2	Uqcrc2	1.54944786893578e-05
Smc1a	Smc1a	1.54719962998722e-05
Zwilch	Zwilch	1.54438396157426e-05
Nup50	Nup50	1.53555887807464e-05
Nav1	Nav1	1.52741958281219e-05
Arl6ip6	Arl6ip6	1.5040181332462e-05
Ndufa2	Ndufa2	1.49713318383505e-05
Puf60	Puf60	1.49543341972572e-05
Ndufaf4	Ndufaf4	1.47159814768006e-05
Phf3	Phf3	1.46496232777361e-05
Tfg	Tfg	1.46473330687926e-05
Tmem208	Tmem208	1.46222337189291e-05
Bzw1	Bzw1	1.46090041565613e-05
Zcrb1	Zcrb1	1.45875307775813e-05
Lamtor5	Lamtor5	1.45680161738456e-05
Smc6	Smc6	1.44798486154626e-05
Sez6	Sez6	1.42933791505473e-05
Ssrp1	Ssrp1	1.42809808635802e-05
Phpt1	Phpt1	1.42110576985247e-05
Cox14	Cox14	1.41794442230855e-05
Ndc80	Ndc80	1.40753444868565e-05
Ttc5	Ttc5	1.39234581503018e-05
Rrn3	Rrn3	1.38981517617058e-05
Chd8	Chd8	1.3885986820788e-05
Ubl5	Ubl5	1.38851009266125e-05
Vdac3	Vdac3	1.38842718121879e-05
Polr2b	Polr2b	1.36611034129613e-05
Mrpl53	Mrpl53	1.36086116063451e-05
Dot1l	Dot1l	1.35974650861331e-05
Fopnl	Fopnl	1.34903555855944e-05
Fasn	Fasn	1.34653777376746e-05
Arpc5	Arpc5	1.34363700980194e-05
Rbm8a	Rbm8a	1.342443100355e-05
Stt3b	Stt3b	1.33821332316783e-05
Psma4	Psma4	1.33761037619573e-05
Cse1l	Cse1l	1.33419400062373e-05
Wscd1	Wscd1	1.33166280826925e-05
Psmc2	Psmc2	1.31986387507445e-05
Dnmt3a	Dnmt3a	1.31415296910873e-05
Ccdc66	Ccdc66	1.3076341668246e-05
Fus	Fus	1.29915132392531e-05
Ccnc	Ccnc	1.29656561603878e-05
Rbbp4	Rbbp4	1.28931288417716e-05
Uba52	Uba52	1.27565626245178e-05
Foxg1	Foxg1	1.26420096120225e-05
Ddost	Ddost	1.24921745639285e-05
Arpc5l	Arpc5l	1.23801371194232e-05
Pcbp2	Pcbp2	1.23766747635599e-05
Rps16	Rps16	1.2338792155772e-05
Nudcd2	Nudcd2	1.22838426228356e-05
Brd4	Brd4	1.22210061001269e-05
Tacc1	Tacc1	1.20652709563043e-05
Ubxn2b	Ubxn2b	1.20255449184309e-05
Cspp1	Cspp1	1.19220520542087e-05
Zfp260	Zfp260	1.17689336376126e-05
Luc7l2	Luc7l2	1.17413787210168e-05
Snrpb2	Snrpb2	1.1699114531638e-05
Dennd1b	Dennd1b	1.16797904629059e-05
Zfp788	Zfp788	1.16222815476591e-05
Rhno1	Rhno1	1.15915755360992e-05
Zcchc11	Zcchc11	1.12797968018278e-05
Prpf38b	Prpf38b	1.12420634961131e-05
Carhsp1	Carhsp1	1.11569717635092e-05
Sf3b5	Sf3b5	1.11304222464629e-05
Nfyb	Nfyb	1.10383726666474e-05
Mapk1ip1l	Mapk1ip1l	1.09763865763362e-05
Ska2	Ska2	1.09695674722904e-05
Setd2	Setd2	1.09684515545893e-05
Ddhd2	Ddhd2	1.09575449752804e-05
Tspyl1	Tspyl1	1.07252534669216e-05
Aco1	Aco1	1.07143836868982e-05
Clcn3	Clcn3	1.0616835316354e-05
Sep15	Sep15	1.05978881815732e-05
Zfp191	Zfp191	1.05454897007941e-05
Hectd1	Hectd1	1.04816614754869e-05
Dnajb1	Dnajb1	1.04696953303502e-05
Ncoa2	Ncoa2	1.04613994480002e-05
Spcs3	Spcs3	1.04064743665184e-05
Yipf1	Yipf1	1.03990169366356e-05
Tmem256	Tmem256	1.03912789057251e-05
Mrp63	Mrp63	1.02219560625562e-05
Etfb	Etfb	1.02143477636698e-05
Adi1	Adi1	1.01766631467186e-05
Sept10	Sept10	1.01738272291766e-05
Vcp	Vcp	1.0104425352754e-05
Ubc	Ubc	1.00192543511719e-05
Zfand6	Zfand6	9.9979265803046e-06
Cit	Cit	9.92273766496702e-06
Chd4	Chd4	9.82027170382639e-06
Dnaja1	Dnaja1	9.77493581009892e-06
Fam178a	Fam178a	9.66720958186175e-06
Smg1	Smg1	9.62152951986584e-06
Timm10	Timm10	9.5738468845313e-06
Cox19	Cox19	9.5342827332248e-06
Mphosph6	Mphosph6	9.49252728257826e-06
Brk1	Brk1	9.48900471828981e-06
Cdh2	Cdh2	9.47371219473845e-06
Psrc1	Psrc1	9.46064996706343e-06
Slc9a5	Slc9a5	9.4352818772025e-06
Gm6548	Gm6548	9.43518985360278e-06
Rbm45	Rbm45	9.29311182877691e-06
Ppp1r14b	Ppp1r14b	9.28820496709949e-06
Znhit1	Znhit1	9.28579406794586e-06
Shcbp1	Shcbp1	9.28274826103848e-06
Insm1	Insm1	9.26793248276728e-06
Mif	Mif	9.22263671423543e-06
Bet1	Bet1	9.16859471211084e-06
Cux1	Cux1	9.13688571142339e-06
Snhg6	Snhg6	9.12567258872179e-06
Fmnl2	Fmnl2	9.07378902493151e-06
Parp11	Parp11	9.05346239617095e-06
Stk38	Stk38	8.98564492583067e-06
Gpx4	Gpx4	8.84510559293612e-06
Swt1	Swt1	8.82681238748058e-06
Ndufb3	Ndufb3	8.79793890976965e-06
Gtf2a1	Gtf2a1	8.73302369210805e-06
Apex1	Apex1	8.68215699068017e-06
Prkar2a	Prkar2a	8.56020659616702e-06
Chchd1	Chchd1	8.55077022125004e-06
Parp1	Parp1	8.3754501538897e-06
Ppib	Ppib	8.33502634910775e-06
Zmym1	Zmym1	8.29945010463478e-06
Tox3	Tox3	8.2537047675911e-06
Cep57	Cep57	8.18605369732664e-06
Cxxc5	Cxxc5	8.15554804152518e-06
Dhx9	Dhx9	8.13413307170737e-06
Rbm10	Rbm10	8.12314921065496e-06
Kcnj10	Kcnj10	8.01194742905604e-06
Gatad2a	Gatad2a	7.94104553877848e-06
Ankrd13c	Ankrd13c	7.89565769899664e-06
Thoc2	Thoc2	7.82334095537549e-06
E130114P18Rik	E130114P18Rik	7.80676929343562e-06
Stag1	Stag1	7.74266118571515e-06
Dnajc8	Dnajc8	7.6837240465227e-06
Ndufc1	Ndufc1	7.54112520846119e-06
Sec61a1	Sec61a1	7.5330987787157e-06
Cox7a2l	Cox7a2l	7.51214974264486e-06
Srsf6	Srsf6	7.44159322946378e-06
Cdc37l1	Cdc37l1	7.43503826998952e-06
Fdft1	Fdft1	7.38944421221069e-06
Cdc27	Cdc27	7.33654212164678e-06
Yme1l1	Yme1l1	7.31900206651838e-06
Pafah1b1	Pafah1b1	7.26065102658144e-06
Gmfb	Gmfb	7.19072959856608e-06
Adk	Adk	7.1681252948455e-06
Ahcyl1	Ahcyl1	7.13081339538247e-06
Rps15a.ps4	Rps15a.ps4	7.10683695066843e-06
Cript	Cript	7.05386357760301e-06
Hspa4	Hspa4	7.01508692934444e-06
Ccnd1	Ccnd1	6.99475293922147e-06
Mlf2	Mlf2	6.94591204271753e-06
Ccnh	Ccnh	6.92795217246417e-06
Gorasp2	Gorasp2	6.83796840324322e-06
Actr10	Actr10	6.70631220239474e-06
Cnn3	Cnn3	6.62439708206822e-06
Sdhd	Sdhd	6.59349340158775e-06
Sugp1	Sugp1	6.58326071141508e-06
Ruvbl2	Ruvbl2	6.57773551049483e-06
Maf1	Maf1	6.57725757060109e-06
Cct4	Cct4	6.57630740754356e-06
Setd5	Setd5	6.56518521433173e-06
Rbm3	Rbm3	6.48884520745346e-06
Mob4	Mob4	6.4877904485661e-06
Mecp2	Mecp2	6.46987552927057e-06
X2510009E07Rik	X2510009E07Rik	6.46569891518165e-06
Pfdn1	Pfdn1	6.35802218671782e-06
Dcakd	Dcakd	6.32286005184662e-06
Sumo2	Sumo2	6.21307622140527e-06
Setbp1	Setbp1	6.2059150270803e-06
Cdc7	Cdc7	6.1756711857814e-06
Cd2bp2	Cd2bp2	6.15774805547408e-06
Serf2	Serf2	6.12873408809657e-06
Picalm	Picalm	6.11051256335692e-06
Mdh1	Mdh1	6.0919183959724e-06
Cpsf7	Cpsf7	6.07708099156899e-06
Pqbp1	Pqbp1	6.07215427861591e-06
Draxin	Draxin	6.06190911948658e-06
Siva1	Siva1	6.06144518951575e-06
Tsen15	Tsen15	6.02660710254902e-06
Tcea1	Tcea1	5.99367253659053e-06
Ep400	Ep400	5.95175860737733e-06
Dck	Dck	5.91437792102214e-06
Isca2	Isca2	5.89550050906071e-06
Ctdnep1	Ctdnep1	5.89164198804382e-06
Prpf3	Prpf3	5.76481793267034e-06
Kidins220	Kidins220	5.68565909634157e-06
Kdm5a	Kdm5a	5.67864920017675e-06
Nipbl	Nipbl	5.65557456373826e-06
Cflar	Cflar	5.65181357915753e-06
Ppp3cb	Ppp3cb	5.60661859334512e-06
Dpy30	Dpy30	5.5948801019925e-06
Gm10069	Gm10069	5.57394617276341e-06
Cep170	Cep170	5.54486853528521e-06
Poc1b	Poc1b	5.47826707639886e-06
Glo1	Glo1	5.4627551990004e-06
Fnbp4	Fnbp4	5.43887372395209e-06
Psmb4	Psmb4	5.42727911739189e-06
Ctnna1	Ctnna1	5.38994955363921e-06
Fbxo5	Fbxo5	5.38641097674711e-06
Nfic	Nfic	5.31851078421746e-06
Zfp609	Zfp609	5.30523658083626e-06
Amz2	Amz2	5.29340246502687e-06
Sox2ot	Sox2ot	5.29216643379319e-06
Nsg1	Nsg1	5.27635488049836e-06
Polr2k	Polr2k	5.2686277700434e-06
Fgfr3	Fgfr3	5.20784242589592e-06
Dhx30	Dhx30	5.17791546265669e-06
Mrpl41	Mrpl41	5.16269640596364e-06
Irf2bp2	Irf2bp2	5.14927677357161e-06
Arhgef2	Arhgef2	5.14333588658562e-06
Mga	Mga	5.14182169697723e-06
Ndufb9	Ndufb9	5.10613747234045e-06
Mapt	Mapt	5.10428683369632e-06
Mtss1	Mtss1	5.0437379123706e-06
Commd3	Commd3	5.02612454614987e-06
Tmx3	Tmx3	5.00347109512462e-06
Eps15l1	Eps15l1	4.98885805053967e-06
Kpnb1	Kpnb1	4.96126767477196e-06
Pask	Pask	4.95003246784812e-06
Selk	Selk	4.94301011556726e-06
F2r	F2r	4.87962382134131e-06
Fnip1	Fnip1	4.85911704549192e-06
Cops5	Cops5	4.85562805518033e-06
X2310036O22Rik	X2310036O22Rik	4.82546582165869e-06
Irak1	Irak1	4.82342688165051e-06
Ccp110	Ccp110	4.81229277253226e-06
Snupn	Snupn	4.81174874375925e-06
Naa50	Naa50	4.79727955591985e-06
Eif1ax	Eif1ax	4.79625309827765e-06
Ppp2r2a	Ppp2r2a	4.76417672330437e-06
Strap	Strap	4.71995236174293e-06
Fancd2	Fancd2	4.70911548343809e-06
Basp1	Basp1	4.57937057258696e-06
X2310067B10Rik	X2310067B10Rik	4.55072488694894e-06
Thoc1	Thoc1	4.51884715949373e-06
Stk4	Stk4	4.51137837968623e-06
Zmym5	Zmym5	4.48026445480139e-06
Auts2	Auts2	4.47248120540998e-06
Uba6	Uba6	4.46443981857685e-06
Zmat2	Zmat2	4.43079357664464e-06
Agl	Agl	4.38259675507377e-06
Cdk11b	Cdk11b	4.37678139522162e-06
Rpl15	Rpl15	4.32941888437188e-06
Naa25	Naa25	4.31310095119924e-06
Psmd11	Psmd11	4.30986373382019e-06
Mrpl22	Mrpl22	4.26494908361008e-06
Alkbh5	Alkbh5	4.22019484670948e-06
Usp5	Usp5	4.20580308048343e-06
Timm13	Timm13	4.18476864454084e-06
Cct2	Cct2	4.14386809985999e-06
Thrap3	Thrap3	4.07273902822217e-06
Ubn2	Ubn2	4.07252267296615e-06
Sec11a	Sec11a	4.07231815403446e-06
Sox2	Sox2	4.06359342121165e-06
Utp11l	Utp11l	3.99050865267696e-06
Gls	Gls	3.98411616088431e-06
Ebna1bp2	Ebna1bp2	3.97184297571283e-06
Rqcd1	Rqcd1	3.94409475553098e-06
Bcl11a	Bcl11a	3.87199540600701e-06
Pgd	Pgd	3.84912785783296e-06
Srp14	Srp14	3.8177658558352e-06
Srsf5	Srsf5	3.79458350736995e-06
Ndufv1	Ndufv1	3.77820822288299e-06
Dip2b	Dip2b	3.72975347643527e-06
Kif2a	Kif2a	3.70882396650398e-06
Mak16	Mak16	3.67649938979652e-06
Slc38a1	Slc38a1	3.66160080208309e-06
Tsg101	Tsg101	3.65398361113238e-06
Wdr43	Wdr43	3.65281744345324e-06
Ankrd6	Ankrd6	3.65149037397138e-06
Smyd2	Smyd2	3.63445308030099e-06
Kpna3	Kpna3	3.62041161378643e-06
Hif1a	Hif1a	3.61455533987544e-06
Gng2	Gng2	3.59587190273149e-06
Hnrnpa3	Hnrnpa3	3.5074745588721e-06
Ilk	Ilk	3.49672719380142e-06
Nnt	Nnt	3.48971077263963e-06
Tma7	Tma7	3.48176078297576e-06
Peli1	Peli1	3.43884948245842e-06
Aurkaip1	Aurkaip1	3.43442617149036e-06
X9530068E07Rik	X9530068E07Rik	3.42688919015159e-06
Cd3eap	Cd3eap	3.37841469950727e-06
Pkn2	Pkn2	3.36670512708016e-06
Ogdh	Ogdh	3.36045475858095e-06
Mfge8	Mfge8	3.35466823691965e-06
Nars	Nars	3.31170927626555e-06
Kpna1	Kpna1	3.30249218655528e-06
Adrm1	Adrm1	3.29521666608383e-06
Enkd1	Enkd1	3.27372290075503e-06
Ccdc124	Ccdc124	3.26625454214331e-06
Tra2a	Tra2a	3.21061215719982e-06
Rsl24d1	Rsl24d1	3.20536153603702e-06
Slmo2	Slmo2	3.1851089291411e-06
Tcp1	Tcp1	3.16746681953881e-06
Uimc1	Uimc1	3.10811499381089e-06
Hprt	Hprt	3.00738280794768e-06
Cdk5	Cdk5	3.00449542458232e-06
Rfx3	Rfx3	2.97219719245179e-06
Polr2g	Polr2g	2.97012657087427e-06
Tmem55a	Tmem55a	2.96667387298545e-06
Prkaca	Prkaca	2.96201540918794e-06
X1110001J03Rik	X1110001J03Rik	2.94468272633262e-06
X2310009A05Rik	X2310009A05Rik	2.92098788334082e-06
Trim28	Trim28	2.92043514903052e-06
Polr2j	Polr2j	2.90763713045807e-06
Tab2	Tab2	2.90100211408071e-06
Hp1bp3	Hp1bp3	2.89649985493906e-06
Nolc1	Nolc1	2.88225070039916e-06
Dkc1	Dkc1	2.88174258526346e-06
Ctnnb1	Ctnnb1	2.88013156867248e-06
Sf3a3	Sf3a3	2.87937810509007e-06
Emc2	Emc2	2.87900399806582e-06
Pafah1b2	Pafah1b2	2.85791382404929e-06
Nol7	Nol7	2.80430776664707e-06
Acat2	Acat2	2.80109502545107e-06
Mllt10	Mllt10	2.79202837573422e-06
Senp3	Senp3	2.7115380350188e-06
X2700089E24Rik	X2700089E24Rik	2.70409594132412e-06
Ppm1a	Ppm1a	2.63445886951057e-06
Cdc26	Cdc26	2.59822892139947e-06
Echs1	Echs1	2.59559882481461e-06
Vps36	Vps36	2.58384426516609e-06
Ctcf	Ctcf	2.57422016009085e-06
X1810058I24Rik	X1810058I24Rik	2.54258311669544e-06
Gm5607	Gm5607	2.51824973538182e-06
Armcx4	Armcx4	2.50873959896709e-06
Fam107a	Fam107a	2.4766684260979e-06
Efs	Efs	2.46569706477629e-06
BC056474	BC056474	2.45259808390928e-06
Lrrfip1	Lrrfip1	2.43873125228539e-06
Nt5c3l	Nt5c3l	2.37366174536715e-06
Txn2	Txn2	2.37298119827459e-06
Vdac1	Vdac1	2.36962536559598e-06
Stox2	Stox2	2.34357411913398e-06
Wsb1	Wsb1	2.30368193558491e-06
Rsl1d1	Rsl1d1	2.28954915068984e-06
Aptx	Aptx	2.26257917220466e-06
Nkain4	Nkain4	2.20879507338754e-06
Mrpl35	Mrpl35	2.19047665944043e-06
Mrpl55	Mrpl55	2.15518553212524e-06
Psme4	Psme4	2.12719707908543e-06
Cask	Cask	2.11261026116509e-06
Brwd1	Brwd1	2.09725316479621e-06
G530011O06Rik	G530011O06Rik	2.07911100784955e-06
Dstn	Dstn	2.06053731176034e-06
Qser1	Qser1	2.05750156338746e-06
Higd1a	Higd1a	2.02382332909863e-06
X1700123O20Rik	X1700123O20Rik	1.98459102623495e-06
Mcm4	Mcm4	1.96529016966307e-06
Rpl36a	Rpl36a	1.89241712653785e-06
Anapc1	Anapc1	1.87840330004168e-06
E2f3	E2f3	1.85218777854366e-06
Nup153	Nup153	1.84284484012013e-06
Ccni	Ccni	1.82411454421023e-06
Xrn2	Xrn2	1.80196481843732e-06
Nell2	Nell2	1.79468438965932e-06
Pou2f1	Pou2f1	1.77800535703335e-06
Golph3	Golph3	1.72347095707053e-06
Atp5d	Atp5d	1.7194832958855e-06
Eif3e	Eif3e	1.67960165116907e-06
Qrich1	Qrich1	1.67334966428305e-06
Sfmbt1	Sfmbt1	1.66625477799957e-06
Pitpnc1	Pitpnc1	1.65813212416917e-06
Daam1	Daam1	1.64905270815835e-06
Rps17	Rps17	1.64645507093764e-06
Cops4	Cops4	1.64639169145846e-06
Slc25a12	Slc25a12	1.63799813891774e-06
Lsm5	Lsm5	1.58166250202761e-06
X2410089E03Rik	X2410089E03Rik	1.56824183591701e-06
Ranbp9	Ranbp9	1.56338904640791e-06
Klhl2	Klhl2	1.5571000944406e-06
Mta1	Mta1	1.5527527065023e-06
Zmynd11	Zmynd11	1.5218221113088e-06
Eif3l	Eif3l	1.48323097369312e-06
Trim33	Trim33	1.48280337850413e-06
Dock1	Dock1	1.4824142795447e-06
Amfr	Amfr	1.46169895999847e-06
Cct7	Cct7	1.42400953316303e-06
Uqcrfs1	Uqcrfs1	1.42235215341516e-06
Spg7	Spg7	1.41064992865517e-06
Cpne3	Cpne3	1.4067242634302e-06
Mtch2	Mtch2	1.40501631703283e-06
Sgta	Sgta	1.39519841310799e-06
Rpp14	Rpp14	1.35918924465737e-06
Cops7a	Cops7a	1.34244496681663e-06
Akap8	Akap8	1.314990663905e-06
Trrap	Trrap	1.30683970389298e-06
Dmtf1	Dmtf1	1.28785512168019e-06
Polr2f	Polr2f	1.28667990723888e-06
Paip2	Paip2	1.27095637070559e-06
Gnb2	Gnb2	1.26075509629975e-06
Cdca5	Cdca5	1.24627790651701e-06
Lin7c	Lin7c	1.22758781290429e-06
Arhgef26	Arhgef26	1.18815000794764e-06
Atp6v1e1	Atp6v1e1	1.17525665579258e-06
Mrps17	Mrps17	1.17199268416121e-06
Prpf39	Prpf39	1.07120713149611e-06
Prkacb	Prkacb	1.0009013202832e-06
Ndufs6	Ndufs6	9.88897201541611e-07
Snx3	Snx3	9.76883167308673e-07
Zfp266	Zfp266	9.5963198482285e-07
Nudc	Nudc	9.5546190507245e-07
Blm	Blm	9.39983898118502e-07
Tnrc6b	Tnrc6b	9.15964400611936e-07
Eif4e2	Eif4e2	9.15734624137639e-07
Msl1	Msl1	9.14266175459758e-07
Zfr	Zfr	9.13446937842591e-07
Srpk1	Srpk1	8.49816267960801e-07
Mtch1	Mtch1	8.4455320253218e-07
Pogz	Pogz	8.24308027748855e-07
Sall1	Sall1	8.14665255445636e-07
Cdk2	Cdk2	8.01305145694849e-07
Atad5	Atad5	7.70758080993313e-07
Aamp	Aamp	7.60069686853729e-07
Otub1	Otub1	7.41262475701791e-07
Ccz1	Ccz1	7.40067998997376e-07
Hmgn3	Hmgn3	7.17511317809207e-07
Sepw1	Sepw1	7.15359289086815e-07
Vamp4	Vamp4	7.10191390100246e-07
Dctn3	Dctn3	7.0474106554455e-07
Lias	Lias	6.92022928703185e-07
Fam32a	Fam32a	6.85549247015891e-07
Ptbp1	Ptbp1	6.84684708306616e-07
Arx	Arx	6.79292462623105e-07
Supt16	Supt16	6.66441845170714e-07
Ift74	Ift74	6.47118525449727e-07
Tfdp1	Tfdp1	6.46074788685339e-07
Rnf44	Rnf44	6.2841683747196e-07
BC068157	BC068157	6.27606817150244e-07
Timeless	Timeless	6.15308402677439e-07
Pprc1	Pprc1	5.75034239273475e-07
Ppa1	Ppa1	5.74685513107323e-07
Ccdc163	Ccdc163	5.66624398126634e-07
Midn	Midn	5.59500300527515e-07
Ssbp3	Ssbp3	5.59099556087044e-07
Itgb3bp	Itgb3bp	5.58021661112085e-07
Rnf187	Rnf187	4.76803500195878e-07
Dlg1	Dlg1	4.76017843086592e-07
Pds5b	Pds5b	4.57194543677903e-07
Ect2	Ect2	4.18086053331746e-07
Sema5b	Sema5b	4.14786841101007e-07
Alkbh7	Alkbh7	3.93032201140902e-07
Psmb7	Psmb7	3.69214759109181e-07
Pea15a	Pea15a	3.5452049406587e-07
Sgk3	Sgk3	3.22913007939692e-07
Psmb3	Psmb3	3.19188009793812e-07
Dph3	Dph3	3.12045299127117e-07
Pts	Pts	2.99745036918469e-07
Commd6	Commd6	2.99100050424413e-07
Kdm3b	Kdm3b	2.97539627489169e-07
Chic2	Chic2	2.95712235501075e-07
Atp2b2	Atp2b2	2.92078321970379e-07
Txndc9	Txndc9	2.89481762873334e-07
Med1	Med1	2.76908918130102e-07
Bad	Bad	2.74579971169082e-07
Kifap3	Kifap3	2.6688468799826e-07
Ipo11	Ipo11	2.66082069527635e-07
Phf20l1	Phf20l1	2.63419423027095e-07
Ier2	Ier2	2.51802275752936e-07
Atic	Atic	2.31589500679704e-07
Tnpo3	Tnpo3	2.2373167560307e-07
Sox1	Sox1	2.21721187624548e-07
Dnttip2	Dnttip2	2.08537542160415e-07
Dpm3	Dpm3	2.04495198865876e-07
Tmem126a	Tmem126a	2.01525623292123e-07
Nrxn1	Nrxn1	1.47480909754937e-07
Strbp	Strbp	1.46486515351785e-07
Arih1	Arih1	1.42689394358188e-07
Cand1	Cand1	1.39779257276509e-07
Adipor1	Adipor1	1.39348812133059e-07
Kdsr	Kdsr	1.31057395811832e-07
Dsn1	Dsn1	1.3103146468724e-07
Cecr2	Cecr2	1.2087745134261e-07
Ikbkap	Ikbkap	1.1429693027117e-07
Mrpl54	Mrpl54	1.13609382338816e-07
Med8	Med8	1.06537072700547e-07
Vps13b	Vps13b	1.03339170473462e-07
Zfp422	Zfp422	1.00777046854771e-07
Ctsb	Ctsb	7.37559105902267e-08
Snhg5	Snhg5	7.00283375847133e-08
Nsmce2	Nsmce2	6.160718743757e-08
Pfdn5	Pfdn5	5.62094566972709e-08
Phc2	Phc2	5.21310579183811e-08
Cnnm4	Cnnm4	4.8849371512232e-08
Bach1	Bach1	4.24726773247963e-08
Bag6	Bag6	3.83564857464556e-08
Hsd17b12	Hsd17b12	3.66163699958355e-08
Hdgfrp3	Hdgfrp3	3.50958121694547e-08
Bre	Bre	2.63331778624489e-08
Hsbp1	Hsbp1	2.59936090993241e-08
Tug1	Tug1	2.29972539455371e-08
Kcnip3	Kcnip3	1.7334569269911e-08
Mpc2	Mpc2	1.59334789962813e-08
Magohb	Magohb	1.20425971019493e-08
Glcci1	Glcci1	1.16829781385634e-08
Nnat	Nnat	4.76354196522894e-09
X0610009O20Rik	X0610009O20Rik	0
X0610012G03Rik	X0610012G03Rik	0
X0610030E20Rik	X0610030E20Rik	0
X0610031J06Rik	X0610031J06Rik	0
X0610037L13Rik	X0610037L13Rik	0
X1110001A16Rik	X1110001A16Rik	0
X1110008P14Rik	X1110008P14Rik	0
X1110012L19Rik	X1110012L19Rik	0
X1110018G07Rik	X1110018G07Rik	0
X1110032A03Rik	X1110032A03Rik	0
X1110034G24Rik	X1110034G24Rik	0
X1110037F02Rik	X1110037F02Rik	0
X1110038B12Rik	X1110038B12Rik	0
X1110038F14Rik	X1110038F14Rik	0
X1110051M20Rik	X1110051M20Rik	0
X1110057K04Rik	X1110057K04Rik	0
X1110058L19Rik	X1110058L19Rik	0
X1110059E24Rik	X1110059E24Rik	0
X1110059G10Rik	X1110059G10Rik	0
X1190002N15Rik	X1190002N15Rik	0
X1200011I18Rik	X1200011I18Rik	0
X1200014J11Rik	X1200014J11Rik	0
X1300002E11Rik	X1300002E11Rik	0
X1500011B03Rik	X1500011B03Rik	0
X1500015A07Rik	X1500015A07Rik	0
X1600002K03Rik	X1600002K03Rik	0
X1600020E01Rik	X1600020E01Rik	0
X1700001D01Rik	X1700001D01Rik	0
X1700012B15Rik	X1700012B15Rik	0
X1700020I14Rik	X1700020I14Rik	0
X1700021F05Rik	X1700021F05Rik	0
X1700021K19Rik	X1700021K19Rik	0
X1700025G04Rik	X1700025G04Rik	0
X1700029J07Rik	X1700029J07Rik	0
X1700030K09Rik	X1700030K09Rik	0
X1700037H04Rik	X1700037H04Rik	0
X1700048O20Rik	X1700048O20Rik	0
X1700052N19Rik	X1700052N19Rik	0
X1700080N15Rik	X1700080N15Rik	0
X1700086L19Rik	X1700086L19Rik	0
X1700086O06Rik	X1700086O06Rik	0
X1700094D03Rik	X1700094D03Rik	0
X1700113A16Rik	X1700113A16Rik	0
X1810013D10Rik	X1810013D10Rik	0
X1810013L24Rik	X1810013L24Rik	0
X1810014B01Rik	X1810014B01Rik	0
X1810026J23Rik	X1810026J23Rik	0
X1810030O07Rik	X1810030O07Rik	0
X1810032O08Rik	X1810032O08Rik	0
X1810041L15Rik	X1810041L15Rik	0
X1810043G02Rik	X1810043G02Rik	0
X1810043H04Rik	X1810043H04Rik	0
X1810055G02Rik	X1810055G02Rik	0
X2010012O05Rik	X2010012O05Rik	0
X2010320M18Rik	X2010320M18Rik	0
X2210015D19Rik	X2210015D19Rik	0
X2210016F16Rik	X2210016F16Rik	0
X2210016L21Rik	X2210016L21Rik	0
X2210018M11Rik	X2210018M11Rik	0
X2210404J11Rik	X2210404J11Rik	0
X2210408I21Rik	X2210408I21Rik	0
X2310003H01Rik	X2310003H01Rik	0
X2310008H04Rik	X2310008H04Rik	0
X2310009B15Rik	X2310009B15Rik	0
X2310011J03Rik	X2310011J03Rik	0
X2310022A10Rik	X2310022A10Rik	0
X2310022B05Rik	X2310022B05Rik	0
X2310033P09Rik	X2310033P09Rik	0
X2310035C23Rik	X2310035C23Rik	0
X2310039H08Rik	X2310039H08Rik	0
X2310045N01Rik	X2310045N01Rik	0
X2310057M21Rik	X2310057M21Rik	0
X2310061I04Rik	X2310061I04Rik	0
X2410004N09Rik	X2410004N09Rik	0
X2410131K14Rik	X2410131K14Rik	0
X2500004C02Rik	X2500004C02Rik	0
X2510003E04Rik	X2510003E04Rik	0
X2510039O18Rik	X2510039O18Rik	0
X2610001J05Rik	X2610001J05Rik	0
X2610002J02Rik	X2610002J02Rik	0
X2610002M06Rik	X2610002M06Rik	0
X2610005L07Rik	X2610005L07Rik	0
X2610015P09Rik	X2610015P09Rik	0
X2610020H08Rik	X2610020H08Rik	0
X2610034B18Rik	X2610034B18Rik	0
X2610034M16Rik	X2610034M16Rik	0
X2610044O15Rik8	X2610044O15Rik8	0
X2610100L16Rik	X2610100L16Rik	0
X2610203C20Rik	X2610203C20Rik	0
X2610204G22Rik	X2610204G22Rik	0
X2610301B20Rik	X2610301B20Rik	0
X2610301G19Rik	X2610301G19Rik	0
X2610306M01Rik	X2610306M01Rik	0
X2610316D01Rik	X2610316D01Rik	0
X2610524H06Rik	X2610524H06Rik	0
X2700038G22Rik	X2700038G22Rik	0
X2700050L05Rik	X2700050L05Rik	0
X2700060E02Rik	X2700060E02Rik	0
X2700062C07Rik	X2700062C07Rik	0
X2700081O15Rik	X2700081O15Rik	0
X2700097O09Rik	X2700097O09Rik	0
X2700099C18Rik	X2700099C18Rik	0
X2810001G20Rik	X2810001G20Rik	0
X2810006K23Rik	X2810006K23Rik	0
X2810021J22Rik	X2810021J22Rik	0
X2810025M15Rik	X2810025M15Rik	0
X2810403A07Rik	X2810403A07Rik	0
X2810407C02Rik	X2810407C02Rik	0
X2810408I11Rik	X2810408I11Rik	0
X2810408M09Rik	X2810408M09Rik	0
X2810428I15Rik	X2810428I15Rik	0
X2810442I21Rik	X2810442I21Rik	0
X2810468N07Rik	X2810468N07Rik	0
X2900011O08Rik	X2900011O08Rik	0
X2900052N01Rik	X2900052N01Rik	0
X2900056M20Rik	X2900056M20Rik	0
X2900076A07Rik	X2900076A07Rik	0
X2900097C17Rik	X2900097C17Rik	0
X3010026O09Rik	X3010026O09Rik	0
X3110001D03Rik	X3110001D03Rik	0
X3110009E18Rik	X3110009E18Rik	0
X3110039I08Rik	X3110039I08Rik	0
X3110039M20Rik	X3110039M20Rik	0
X3110040N11Rik	X3110040N11Rik	0
X3110043O21Rik	X3110043O21Rik	0
X3110052M02Rik	X3110052M02Rik	0
X3110056K07Rik	X3110056K07Rik	0
X3110062M04Rik	X3110062M04Rik	0
X3110082I17Rik	X3110082I17Rik	0
X3110082J24Rik	X3110082J24Rik	0
X3230401D17Rik	X3230401D17Rik	0
X3830406C13Rik	X3830406C13Rik	0
X3830408C21Rik	X3830408C21Rik	0
X4632415L05Rik	X4632415L05Rik	0
X4632427E13Rik	X4632427E13Rik	0
X4632434I11Rik	X4632434I11Rik	0
X4732471J01Rik	X4732471J01Rik	0
X4921524J17Rik	X4921524J17Rik	0
X4921531C22Rik	X4921531C22Rik	0
X4930427A07Rik	X4930427A07Rik	0
X4930430F08Rik	X4930430F08Rik	0
X4930432J09Rik	X4930432J09Rik	0
X4930444A02Rik	X4930444A02Rik	0
X4930453N24Rik	X4930453N24Rik	0
X4930455F23Rik	X4930455F23Rik	0
X4930480K15Rik	X4930480K15Rik	0
X4930512B01Rik	X4930512B01Rik	0
X4930549G23Rik	X4930549G23Rik	0
X4930563F08Rik	X4930563F08Rik	0
X4930570G19Rik	X4930570G19Rik	0
X4930579G24Rik	X4930579G24Rik	0
X4931406H21Rik	X4931406H21Rik	0
X4931406P16Rik	X4931406P16Rik	0
X4933411K20Rik	X4933411K20Rik	0
X4933426M11Rik	X4933426M11Rik	0
X4933427D14Rik	X4933427D14Rik	0
X4933431E20Rik	X4933431E20Rik	0
X5031426D15Rik	X5031426D15Rik	0
X5031439G07Rik	X5031439G07Rik	0
X5330434G04Rik	X5330434G04Rik	0
X5430405H02Rik	X5430405H02Rik	0
X5530601H04Rik	X5530601H04Rik	0
X5730455P16Rik	X5730455P16Rik	0
X5830417I10Rik	X5830417I10Rik	0
X5930403L14Rik	X5930403L14Rik	0
X6030458C11Rik	X6030458C11Rik	0
X6330403K07Rik	X6330403K07Rik	0
X6330403M23Rik	X6330403M23Rik	0
X6330415B21Rik	X6330415B21Rik	0
X6330549D23Rik	X6330549D23Rik	0
X6720401G13Rik	X6720401G13Rik	0
X6720489N17Rik	X6720489N17Rik	0
X8430410A17Rik	X8430410A17Rik	0
X8430427H17Rik	X8430427H17Rik	0
X8430429K09Rik	X8430429K09Rik	0
X9030025P20Rik	X9030025P20Rik	0
X9030624J02Rik	X9030624J02Rik	0
X9130011E15Rik	X9130011E15Rik	0
X9130023H24Rik	X9130023H24Rik	0
X9130401M01Rik	X9130401M01Rik	0
X9230110C19Rik	X9230110C19Rik	0
X9330020H09Rik	X9330020H09Rik	0
X9330133O14Rik	X9330133O14Rik	0
X9330182L06Rik	X9330182L06Rik	0
X9430008C03Rik	X9430008C03Rik	0
X9430015G10Rik	X9430015G10Rik	0
X9430016H08Rik	X9430016H08Rik	0
X9430023L20Rik	X9430023L20Rik	0
X9430041J12Rik	X9430041J12Rik	0
X9430091E24Rik	X9430091E24Rik	0
X9530077C05Rik	X9530077C05Rik	0
X9530082P21Rik	X9530082P21Rik	0
X9630033F20Rik	X9630033F20Rik	0
X9830001H06Rik	X9830001H06Rik	0
X9930021J03Rik	X9930021J03Rik	0
A030009H04Rik	A030009H04Rik	0
A230072C01Rik	A230072C01Rik	0
A330076H08Rik	A330076H08Rik	0
A330093E20Rik	A330093E20Rik	0
A430005L14Rik	A430005L14Rik	0
A430033K04Rik	A430033K04Rik	0
A630089N07Rik	A630089N07Rik	0
A730098P11Rik	A730098P11Rik	0
A830010M20Rik	A830010M20Rik	0
A830082K12Rik	A830082K12Rik	0
A930005H10Rik	A930005H10Rik	0
A930013F10Rik	A930013F10Rik	0
AA987161	AA987161	0
AI316807	AI316807	0
AI413582	AI413582	0
AI450353	AI450353	0
AI462493	AI462493	0
AI506816	AI506816	0
AI593442	AI593442	0
AI837181	AI837181	0
AI987944	AI987944	0
AK010878	AK010878	0
AW209491	AW209491	0
AW554918	AW554918	0
Aaas	Aaas	0
Aacs	Aacs	0
Aagab	Aagab	0
Aak1	Aak1	0
Aar2	Aar2	0
Aars2	Aars2	0
Aasdh	Aasdh	0
Aatf	Aatf	0
Abat	Abat	0
Abca5	Abca5	0
Abcb7	Abcb7	0
Abcc1	Abcc1	0
Abcd2	Abcd2	0
Abcd4	Abcd4	0
Abce1	Abce1	0
Abcf3	Abcf3	0
Abcg2	Abcg2	0
Abhd10	Abhd10	0
Abhd11	Abhd11	0
Abhd12	Abhd12	0
Abhd13	Abhd13	0
Abhd14a	Abhd14a	0
Abhd3	Abhd3	0
Abhd5	Abhd5	0
Abhd6	Abhd6	0
Abhd8	Abhd8	0
Abi1	Abi1	0
Abl1	Abl1	0
Abl2	Abl2	0
Abr	Abr	0
Abracl	Abracl	0
Abt1	Abt1	0
Acaa2	Acaa2	0
Acaca	Acaca	0
Acad8	Acad8	0
Acadm	Acadm	0
Acadsb	Acadsb	0
Acadvl	Acadvl	0
Acap2	Acap2	0
Acbd3	Acbd3	0
Acbd6	Acbd6	0
Acd	Acd	0
Acer3	Acer3	0
Acly	Acly	0
Acn9	Acn9	0
Acot1	Acot1	0
Acot13	Acot13	0
Acot7	Acot7	0
Acot8	Acot8	0
Acox3	Acox3	0
Acp1	Acp1	0
Acp2	Acp2	0
Acp6	Acp6	0
Acpl2	Acpl2	0
Acrbp	Acrbp	0
Acsl4	Acsl4	0
Acss1	Acss1	0
Actn1	Actn1	0
Actn4	Actn4	0
Actr1a	Actr1a	0
Actr1b	Actr1b	0
Actr3	Actr3	0
Actr3b	Actr3b	0
Actr8	Actr8	0
Acvr2a	Acvr2a	0
Acvr2b	Acvr2b	0
Acyp1	Acyp1	0
Adal	Adal	0
Adam12	Adam12	0
Adam17	Adam17	0
Adam22	Adam22	0
Adam9	Adam9	0
Adamts20	Adamts20	0
Adamts6	Adamts6	0
Adat2	Adat2	0
Adcy2	Adcy2	0
Adcy6	Adcy6	0
Adcyap1r1	Adcyap1r1	0
Add2	Add2	0
Add3	Add3	0
Adh5	Adh5	0
Adhfe1	Adhfe1	0
Adipor2	Adipor2	0
Adnp2	Adnp2	0
Adora2b	Adora2b	0
Adprm	Adprm	0
Adrbk1	Adrbk1	0
Adss	Adss	0
Aebp2	Aebp2	0
Aen	Aen	0
Afap1	Afap1	0
Aff1	Aff1	0
Aff3	Aff3	0
Afg3l1	Afg3l1	0
Afg3l2	Afg3l2	0
Afmid	Afmid	0
Aftph	Aftph	0
Aga	Aga	0
Agap1	Agap1	0
Agap3	Agap3	0
Agfg1	Agfg1	0
Agfg2	Agfg2	0
Aggf1	Aggf1	0
Agk	Agk	0
Agpat1	Agpat1	0
Agpat3	Agpat3	0
Agpat6	Agpat6	0
Agps	Agps	0
Agtpbp1	Agtpbp1	0
Ahctf1	Ahctf1	0
Aif1l	Aif1l	0
Aifm1	Aifm1	0
Aifm3	Aifm3	0
Aimp1	Aimp1	0
Aimp2	Aimp2	0
Aip	Aip	0
Ak1	Ak1	0
Ak3	Ak3	0
Ak4	Ak4	0
Akap1	Akap1	0
Akap10	Akap10	0
Akap11	Akap11	0
Akap13	Akap13	0
Akap5	Akap5	0
Akap6	Akap6	0
Akap7	Akap7	0
Akap8l	Akap8l	0
Akirin1	Akirin1	0
Akna	Akna	0
Akr1b10	Akr1b10	0
Akr7a5	Akr7a5	0
Akt1	Akt1	0
Akt2	Akt2	0
Akt3	Akt3	0
Alad	Alad	0
Alas1	Alas1	0
Aldh18a1	Aldh18a1	0
Aldh1l1	Aldh1l1	0
Aldh1l2	Aldh1l2	0
Aldh3a2	Aldh3a2	0
Aldh5a1	Aldh5a1	0
Aldh6a1	Aldh6a1	0
Aldh7a1	Aldh7a1	0
Aldh9a1	Aldh9a1	0
Alg10b	Alg10b	0
Alg13	Alg13	0
Alg14	Alg14	0
Alg2	Alg2	0
Alg3	Alg3	0
Alg5	Alg5	0
Alg6	Alg6	0
Alg8	Alg8	0
Alg9	Alg9	0
Alkbh3	Alkbh3	0
Alkbh6	Alkbh6	0
Alkbh8	Alkbh8	0
Alms1	Alms1	0
Als2cl	Als2cl	0
Ambra1	Ambra1	0
Amer1	Amer1	0
Amer2	Amer2	0
Amigo1	Amigo1	0
Amn1	Amn1	0
Amot	Amot	0
Amotl1	Amotl1	0
Amotl2	Amotl2	0
Ampd2	Ampd2	0
Amy1	Amy1	0
Anapc10	Anapc10	0
Anapc15	Anapc15	0
Anapc16	Anapc16	0
Anapc2	Anapc2	0
Anapc5	Anapc5	0
Anapc7	Anapc7	0
Angel2	Angel2	0
Angpt2	Angpt2	0
Ankfy1	Ankfy1	0
Ankib1	Ankib1	0
Ankle1	Ankle1	0
Ankmy2	Ankmy2	0
Ankra2	Ankra2	0
Ankrd12	Ankrd12	0
Ankrd13b	Ankrd13b	0
Ankrd16	Ankrd16	0
Ankrd26	Ankrd26	0
Ankrd27	Ankrd27	0
Ankrd28	Ankrd28	0
Ankrd29	Ankrd29	0
Ankrd40	Ankrd40	0
Ankrd44	Ankrd44	0
Ankrd45	Ankrd45	0
Ankrd46	Ankrd46	0
Ankrd49	Ankrd49	0
Ankrd54	Ankrd54	0
Anks3	Anks3	0
Anln	Anln	0
Ano10	Ano10	0
Anxa4	Anxa4	0
Anxa5	Anxa5	0
Anxa6	Anxa6	0
Anxa7	Anxa7	0
Aox1	Aox1	0
Ap1ar	Ap1ar	0
Ap1b1	Ap1b1	0
Ap1g1	Ap1g1	0
Ap1m1	Ap1m1	0
Ap1s1	Ap1s1	0
Ap1s2	Ap1s2	0
Ap2b1	Ap2b1	0
Ap3b1	Ap3b1	0
Ap3b2	Ap3b2	0
Ap3m2	Ap3m2	0
Ap3s1	Ap3s1	0
Ap3s2	Ap3s2	0
Ap4s1	Ap4s1	0
Ap5m1	Ap5m1	0
Apaf1	Apaf1	0
Apba2	Apba2	0
Apbb1	Apbb1	0
Apbb2	Apbb2	0
Apbb3	Apbb3	0
Apc	Apc	0
Apip	Apip	0
Apitd1	Apitd1	0
Apmap	Apmap	0
Apoa1bp	Apoa1bp	0
Apoc1	Apoc1	0
Apoo	Apoo	0
Apool	Apool	0
App	App	0
Appbp2	Appbp2	0
Aprt	Aprt	0
Aqp4	Aqp4	0
Aqr	Aqr	0
Araf	Araf	0
Arap1	Arap1	0
Arap2	Arap2	0
Arf2	Arf2	0
Arf3	Arf3	0
Arfgap1	Arfgap1	0
Arfgap2	Arfgap2	0
Arfgap3	Arfgap3	0
Arfgef1	Arfgef1	0
Arfgef2	Arfgef2	0
Arfip2	Arfip2	0
Arfrp1	Arfrp1	0
Arhgap1	Arhgap1	0
Arhgap12	Arhgap12	0
Arhgap17	Arhgap17	0
Arhgap33	Arhgap33	0
Arhgap42	Arhgap42	0
Arhgap44	Arhgap44	0
Arhgef1	Arhgef1	0
Arhgef10	Arhgef10	0
Arhgef18	Arhgef18	0
Arhgef39	Arhgef39	0
Arhgef4	Arhgef4	0
Arhgef40	Arhgef40	0
Arid3b	Arid3b	0
Arid4a	Arid4a	0
Arih2	Arih2	0
Arl1	Arl1	0
Arl15	Arl15	0
Arl16	Arl16	0
Arl2	Arl2	0
Arl2bp	Arl2bp	0
Arl3	Arl3	0
Arl4a	Arl4a	0
Arl4c	Arl4c	0
Arl5a	Arl5a	0
Arl5b	Arl5b	0
Arl6	Arl6	0
Arl6ip4	Arl6ip4	0
Arl8a	Arl8a	0
Armc1	Armc1	0
Armc10	Armc10	0
Armc5	Armc5	0
Armc6	Armc6	0
Armc9	Armc9	0
Armcx2	Armcx2	0
Arnt	Arnt	0
Arntl	Arntl	0
Arpc3	Arpc3	0
Arpc4	Arpc4	0
Arrb1	Arrb1	0
Arrdc3	Arrdc3	0
Arrdc4	Arrdc4	0
Arsa	Arsa	0
Arsk	Arsk	0
Arv1	Arv1	0
As3mt	As3mt	0
Asah1	Asah1	0
Asap1	Asap1	0
Asap2	Asap2	0
Asb1	Asb1	0
Asb13	Asb13	0
Asb3	Asb3	0
Asb7	Asb7	0
Ascc1	Ascc1	0
Ascc3	Ascc3	0
Asf1b	Asf1b	0
Ash2l	Ash2l	0
Asna1	Asna1	0
Asns	Asns	0
Asnsd1	Asnsd1	0
Asph	Asph	0
Aspm	Aspm	0
Aspscr1	Aspscr1	0
Astn1	Astn1	0
Asun	Asun	0
Asxl1	Asxl1	0
Asxl2	Asxl2	0
Atad3a	Atad3a	0
Atat1	Atat1	0
Atf1	Atf1	0
Atf6	Atf6	0
Atf6b	Atf6b	0
Atf7ip	Atf7ip	0
Atg12	Atg12	0
Atg13	Atg13	0
Atg14	Atg14	0
Atg16l1	Atg16l1	0
Atg16l2	Atg16l2	0
Atg2b	Atg2b	0
Atg3	Atg3	0
Atg4b	Atg4b	0
Atg4c	Atg4c	0
Atg5	Atg5	0
Atg7	Atg7	0
Atg9a	Atg9a	0
Athl1	Athl1	0
Atl1	Atl1	0
Atl2	Atl2	0
Atl3	Atl3	0
Atn1	Atn1	0
Atox1	Atox1	0
Atp11a	Atp11a	0
Atp11b	Atp11b	0
Atp13a1	Atp13a1	0
Atp13a2	Atp13a2	0
Atp13a3	Atp13a3	0
Atp13a4	Atp13a4	0
Atp1b1	Atp1b1	0
Atp5g2	Atp5g2	0
Atp5s	Atp5s	0
Atp5sl	Atp5sl	0
Atp6ap1	Atp6ap1	0
Atp6v0a1	Atp6v0a1	0
Atp6v0b	Atp6v0b	0
Atp6v1a	Atp6v1a	0
Atp6v1b2	Atp6v1b2	0
Atp6v1c1	Atp6v1c1	0
Atp6v1h	Atp6v1h	0
Atp7a	Atp7a	0
Atp8b2	Atp8b2	0
Atp9b	Atp9b	0
Atpaf2	Atpaf2	0
Atr	Atr	0
Atraid	Atraid	0
Atrip	Atrip	0
Atrn	Atrn	0
Atxn1	Atxn1	0
Atxn1l	Atxn1l	0
Atxn2	Atxn2	0
Atxn3	Atxn3	0
Atxn7	Atxn7	0
Atxn7l1	Atxn7l1	0
Atxn7l2	Atxn7l2	0
Aup1	Aup1	0
Avl9	Avl9	0
Axin1	Axin1	0
Axin2	Axin2	0
Axl	Axl	0
B230118H07Rik	B230118H07Rik	0
B230120H23Rik	B230120H23Rik	0
B230216N24Rik	B230216N24Rik	0
B2m	B2m	0
B3gat3	B3gat3	0
B3gnt1	B3gnt1	0
B4galt3	B4galt3	0
B4galt5	B4galt5	0
B4galt6	B4galt6	0
B4galt7	B4galt7	0
B630005N14Rik	B630005N14Rik	0
B9d1	B9d1	0
B9d2	B9d2	0
BC003331	BC003331	0
BC003965	BC003965	0
BC004004	BC004004	0
BC005537	BC005537	0
BC005624	BC005624	0
BC016423	BC016423	0
BC018242	BC018242	0
BC018507	BC018507	0
BC023829	BC023829	0
BC026590	BC026590	0
BC027231	BC027231	0
BC030336	BC030336	0
BC031361	BC031361	0
BC052040	BC052040	0
Babam1	Babam1	0
Bach2	Bach2	0
Bag1	Bag1	0
Bag2	Bag2	0
Bag4	Bag4	0
Bag5	Bag5	0
Bahcc1	Bahcc1	0
Bai1	Bai1	0
Bai3	Bai3	0
Bap1	Bap1	0
Bax	Bax	0
Baz1a	Baz1a	0
Baz2a	Baz2a	0
Bbs2	Bbs2	0
Bbs4	Bbs4	0
Bbs5	Bbs5	0
Bbs7	Bbs7	0
Bbx	Bbx	0
Bcap29	Bcap29	0
Bcap31	Bcap31	0
Bcar1	Bcar1	0
Bcar3	Bcar3	0
Bcas3	Bcas3	0
Bcat1	Bcat1	0
Bcat2	Bcat2	0
Bcdin3d	Bcdin3d	0
Bckdk	Bckdk	0
Bcl10	Bcl10	0
Bcl11b	Bcl11b	0
Bcl2	Bcl2	0
Bcl2l1	Bcl2l1	0
Bcl2l11	Bcl2l11	0
Bcl2l12	Bcl2l12	0
Bcl2l2	Bcl2l2	0
Bcl6	Bcl6	0
Bcl7c	Bcl7c	0
Bcor	Bcor	0
Bcr	Bcr	0
Bcs1l	Bcs1l	0
Bdh1	Bdh1	0
Bdp1	Bdp1	0
Becn1	Becn1	0
Bend3	Bend3	0
Bet1l	Bet1l	0
Bex2	Bex2	0
Bex4	Bex4	0
Bhlhb9	Bhlhb9	0
Bicd1	Bicd1	0
Bicd2	Bicd2	0
Bin3	Bin3	0
Birc2	Birc2	0
Blcap	Blcap	0
Blmh	Blmh	0
Bloc1s1	Bloc1s1	0
Bloc1s2a	Bloc1s2a	0
Bloc1s5	Bloc1s5	0
Bloc1s6	Bloc1s6	0
Blvra	Blvra	0
Blvrb	Blvrb	0
Blzf1	Blzf1	0
Bmi1	Bmi1	0
Bmp1	Bmp1	0
Bmper	Bmper	0
Bmpr2	Bmpr2	0
Bms1	Bms1	0
Bmyc	Bmyc	0
Bnip1	Bnip1	0
Bnip3	Bnip3	0
Bola1	Bola1	0
Bop1	Bop1	0
Bpgm	Bpgm	0
Bphl	Bphl	0
Bpnt1	Bpnt1	0
Brca1	Brca1	0
Brd1	Brd1	0
Brd7	Brd7	0
Bri3bp	Bri3bp	0
Brip1	Brip1	0
Brms1l	Brms1l	0
Brpf1	Brpf1	0
Brsk2	Brsk2	0
Brwd3	Brwd3	0
Bscl2	Bscl2	0
Bsn	Bsn	0
Btaf1	Btaf1	0
Btbd1	Btbd1	0
Btbd10	Btbd10	0
Btbd17	Btbd17	0
Btbd3	Btbd3	0
Btbd7	Btbd7	0
Btbd8	Btbd8	0
Btbd9	Btbd9	0
Btrc	Btrc	0
Bud13	Bud13	0
Bud31	Bud31	0
Bysl	Bysl	0
C030034I22Rik	C030034I22Rik	0
C030037D09Rik	C030037D09Rik	0
C130071C03Rik	C130071C03Rik	0
C1qbp	C1qbp	0
C230035I16Rik	C230035I16Rik	0
C230052I12Rik	C230052I12Rik	0
C230081A13Rik	C230081A13Rik	0
C230091D08Rik	C230091D08Rik	0
C2cd2	C2cd2	0
C2cd2l	C2cd2l	0
C2cd3	C2cd3	0
C2cd5	C2cd5	0
C330006A16Rik	C330006A16Rik	0
C330018D20Rik	C330018D20Rik	0
C4b	C4b	0
C530008M17Rik	C530008M17Rik	0
C630043F03Rik	C630043F03Rik	0
C87436	C87436	0
C920006O11Rik	C920006O11Rik	0
Caap1	Caap1	0
Cab39	Cab39	0
Cab39l	Cab39l	0
Cabin1	Cabin1	0
Cacfd1	Cacfd1	0
Cachd1	Cachd1	0
Cacna2d1	Cacna2d1	0
Cacul1	Cacul1	0
Cad	Cad	0
Cadm3	Cadm3	0
Calcoco1	Calcoco1	0
Cald1	Cald1	0
Calr3	Calr3	0
Camkmt	Camkmt	0
Caml	Caml	0
Camsap1	Camsap1	0
Camta1	Camta1	0
Camta2	Camta2	0
Cant1	Cant1	0
Cap1	Cap1	0
Cap2	Cap2	0
Capn10	Capn10	0
Capn2	Capn2	0
Capn7	Capn7	0
Caprin2	Caprin2	0
Capza1	Capza1	0
Car14	Car14	0
Carkd	Carkd	0
Cars	Cars	0
Casc3	Casc3	0
Casc4	Casc4	0
Casd1	Casd1	0
Caskin1	Caskin1	0
Casp2	Casp2	0
Casp3	Casp3	0
Casp6	Casp6	0
Casp7	Casp7	0
Casp8ap2	Casp8ap2	0
Casp9	Casp9	0
Catsper2	Catsper2	0
Cbfa2t2	Cbfa2t2	0
Cbfa2t3	Cbfa2t3	0
Cbl	Cbl	0
Cbll1	Cbll1	0
Cbr1	Cbr1	0
Cbr3	Cbr3	0
Cbr4	Cbr4	0
Cbwd1	Cbwd1	0
Cbx2	Cbx2	0
Cbx4	Cbx4	0
Cbx6	Cbx6	0
Cby1	Cby1	0
Cc2d1b	Cc2d1b	0
Ccbl1	Ccbl1	0
Ccdc101	Ccdc101	0
Ccdc104	Ccdc104	0
Ccdc107	Ccdc107	0
Ccdc111	Ccdc111	0
Ccdc114	Ccdc114	0
Ccdc115	Ccdc115	0
Ccdc127	Ccdc127	0
Ccdc130	Ccdc130	0
Ccdc132	Ccdc132	0
Ccdc134	Ccdc134	0
Ccdc136	Ccdc136	0
Ccdc137	Ccdc137	0
Ccdc138	Ccdc138	0
Ccdc14	Ccdc14	0
Ccdc141	Ccdc141	0
Ccdc157	Ccdc157	0
Ccdc167	Ccdc167	0
Ccdc173	Ccdc173	0
Ccdc174	Ccdc174	0
Ccdc176	Ccdc176	0
Ccdc18	Ccdc18	0
Ccdc23	Ccdc23	0
Ccdc28a	Ccdc28a	0
Ccdc28b	Ccdc28b	0
Ccdc32	Ccdc32	0
Ccdc39	Ccdc39	0
Ccdc41	Ccdc41	0
Ccdc43	Ccdc43	0
Ccdc47	Ccdc47	0
Ccdc50	Ccdc50	0
Ccdc53	Ccdc53	0
Ccdc61	Ccdc61	0
Ccdc62	Ccdc62	0
Ccdc80	Ccdc80	0
Ccdc86	Ccdc86	0
Ccdc88c	Ccdc88c	0
Ccdc90a	Ccdc90a	0
Ccdc90b	Ccdc90b	0
Ccdc91	Ccdc91	0
Ccdc93	Ccdc93	0
Ccdc94	Ccdc94	0
Ccdc97	Ccdc97	0
Ccl25	Ccl25	0
Ccm2	Ccm2	0
Ccnd3	Ccnd3	0
Ccndbp1	Ccndbp1	0
Ccne1	Ccne1	0
Ccnf	Ccnf	0
Ccng1	Ccng1	0
Ccng2	Ccng2	0
Ccnj	Ccnj	0
Ccnk	Ccnk	0
Ccnt1	Ccnt1	0
Ccnt2	Ccnt2	0
Ccnyl1	Ccnyl1	0
Ccpg1	Ccpg1	0
Ccrn4l	Ccrn4l	0
Ccs	Ccs	0
Ccser2	Ccser2	0
Cct8	Cct8	0
Cd164	Cd164	0
Cd1d1	Cd1d1	0
Cd276	Cd276	0
Cd2ap	Cd2ap	0
Cd68	Cd68	0
Cd99l2	Cd99l2	0
Cdadc1	Cdadc1	0
Cdan1	Cdan1	0
Cdc16	Cdc16	0
Cdc23	Cdc23	0
Cdc25a	Cdc25a	0
Cdc25b	Cdc25b	0
Cdc25c	Cdc25c	0
Cdc37	Cdc37	0
Cdc40	Cdc40	0
Cdc42bpa	Cdc42bpa	0
Cdc42bpb	Cdc42bpb	0
Cdc42ep4	Cdc42ep4	0
Cdc42se1	Cdc42se1	0
Cdc45	Cdc45	0
Cdc6	Cdc6	0
Cdc73	Cdc73	0
Cdca4	Cdca4	0
Cdca7l	Cdca7l	0
Cdh10	Cdh10	0
Cdh11	Cdh11	0
Cdh20	Cdh20	0
Cdh4	Cdh4	0
Cdipt	Cdipt	0
Cdk10	Cdk10	0
Cdk12	Cdk12	0
Cdk16	Cdk16	0
Cdk17	Cdk17	0
Cdk19	Cdk19	0
Cdk2ap2	Cdk2ap2	0
Cdk5rap3	Cdk5rap3	0
Cdk7	Cdk7	0
Cdk9	Cdk9	0
Cdkl3	Cdkl3	0
Cdkn1c	Cdkn1c	0
Cdkn2c	Cdkn2c	0
Cdkn3	Cdkn3	0
Cdon	Cdon	0
Cds2	Cds2	0
Cdt1	Cdt1	0
Cdyl	Cdyl	0
Cebpg	Cebpg	0
Cebpz	Cebpz	0
Celf4	Celf4	0
Celsr1	Celsr1	0
Celsr2	Celsr2	0
Celsr3	Celsr3	0
Cenpb	Cenpb	0
Cenpn	Cenpn	0
Cenpo	Cenpo	0
Cenpt	Cenpt	0
Cenpv	Cenpv	0
Cep104	Cep104	0
Cep120	Cep120	0
Cep128	Cep128	0
Cep135	Cep135	0
Cep152	Cep152	0
Cep164	Cep164	0
Cep290	Cep290	0
Cep350	Cep350	0
Cep44	Cep44	0
Cep63	Cep63	0
Cep68	Cep68	0
Cep70	Cep70	0
Cep76	Cep76	0
Cep85	Cep85	0
Cep85l	Cep85l	0
Cep89	Cep89	0
Cep97	Cep97	0
Cercam	Cercam	0
Cers2	Cers2	0
Cers4	Cers4	0
Cers5	Cers5	0
Cetn2	Cetn2	0
Cfp	Cfp	0
Cggbp1	Cggbp1	0
Cgrrf1	Cgrrf1	0
Chac2	Chac2	0
Chaf1a	Chaf1a	0
Chaf1b	Chaf1b	0
Chchd10	Chchd10	0
Chchd3	Chchd3	0
Chchd4	Chchd4	0
Chchd5	Chchd5	0
Chchd6	Chchd6	0
Chd1	Chd1	0
Chd1l	Chd1l	0
Chfr	Chfr	0
Chga	Chga	0
Chi3l1	Chi3l1	0
Chic1	Chic1	0
Chid1	Chid1	0
Chkb	Chkb	0
Chm	Chm	0
Chmp1a	Chmp1a	0
Chmp1b	Chmp1b	0
Chmp2b	Chmp2b	0
Chmp3	Chmp3	0
Chmp6	Chmp6	0
Chmp7	Chmp7	0
Chn1	Chn1	0
Chordc1	Chordc1	0
Chp1	Chp1	0
Chpt1	Chpt1	0
Chrac1	Chrac1	0
Chrna4	Chrna4	0
Chst1	Chst1	0
Chst11	Chst11	0
Chst2	Chst2	0
Chtf18	Chtf18	0
Chtop	Chtop	0
Churc1	Churc1	0
Ciao1	Ciao1	0
Ciapin1	Ciapin1	0
Cib1	Cib1	0
Cic	Cic	0
Cinp	Cinp	0
Cir1	Cir1	0
Cirh1a	Cirh1a	0
Cisd3	Cisd3	0
Cited2	Cited2	0
Ciz1	Ciz1	0
Cklf	Cklf	0
Clasp1	Clasp1	0
Clasrp	Clasrp	0
Clcc1	Clcc1	0
Clcn2	Clcn2	0
Clcn7	Clcn7	0
Cldn25	Cldn25	0
Clic1	Clic1	0
Clic4	Clic4	0
Clint1	Clint1	0
Clip1	Clip1	0
Clip3	Clip3	0
Clip4	Clip4	0
Clk2	Clk2	0
Clk3	Clk3	0
Cln3	Cln3	0
Cln8	Cln8	0
Clock	Clock	0
Clp1	Clp1	0
Clpb	Clpb	0
Clptm1l	Clptm1l	0
Clpx	Clpx	0
Clstn1	Clstn1	0
Clta	Clta	0
Cltb	Cltb	0
Cluap1	Cluap1	0
Cluh	Cluh	0
Clybl	Clybl	0
Cmas	Cmas	0
Cmc1	Cmc1	0
Cmip	Cmip	0
Cml1	Cml1	0
Cmtm4	Cmtm4	0
Cmtm5	Cmtm5	0
Cndp2	Cndp2	0
Cnep1r1	Cnep1r1	0
Cnnm3	Cnnm3	0
Cnot10	Cnot10	0
Cnot11	Cnot11	0
Cnot3	Cnot3	0
Cnot6l	Cnot6l	0
Cnot7	Cnot7	0
Cnppd1	Cnppd1	0
Cnpy2	Cnpy2	0
Cnpy3	Cnpy3	0
Cnrip1	Cnrip1	0
Cnst	Cnst	0
Cntln	Cntln	0
Cntrob	Cntrob	0
Coa5	Coa5	0
Coa6	Coa6	0
Coasy	Coasy	0
Cog2	Cog2	0
Cog3	Cog3	0
Cog4	Cog4	0
Cog5	Cog5	0
Cog7	Cog7	0
Coil	Coil	0
Col11a2	Col11a2	0
Col16a1	Col16a1	0
Col5a2	Col5a2	0
Commd4	Commd4	0
Commd7	Commd7	0
Commd8	Commd8	0
Commd9	Commd9	0
Copb1	Copb1	0
Copb2	Copb2	0
Copg1	Copg1	0
Copg2	Copg2	0
Coprs	Coprs	0
Cops2	Cops2	0
Cops7b	Cops7b	0
Cops8	Cops8	0
Coq10a	Coq10a	0
Coq10b	Coq10b	0
Coq2	Coq2	0
Coq3	Coq3	0
Coq5	Coq5	0
Coq6	Coq6	0
Coq7	Coq7	0
Coq9	Coq9	0
Coro1b	Coro1b	0
Coro2b	Coro2b	0
Cotl1	Cotl1	0
Cox10	Cox10	0
Cox11	Cox11	0
Cox15	Cox15	0
Cox16	Cox16	0
Cox18	Cox18	0
Cox20	Cox20	0
Cox6b2	Cox6b2	0
Cpd	Cpd	0
Cpeb3	Cpeb3	0
Cplx1	Cplx1	0
Cplx2	Cplx2	0
Cpne1	Cpne1	0
Cpq	Cpq	0
Cpsf1	Cpsf1	0
Cpsf3	Cpsf3	0
Cpsf3l	Cpsf3l	0
Cpt1a	Cpt1a	0
Cpt1c	Cpt1c	0
Cr1l	Cr1l	0
Crat	Crat	0
Crbn	Crbn	0
Crcp	Crcp	0
Creb3	Creb3	0
Crebrf	Crebrf	0
Crebzf	Crebzf	0
Creg1	Creg1	0
Creld1	Creld1	0
Creld2	Creld2	0
Crem	Crem	0
Crip1	Crip1	0
Crk	Crk	0
Crkl	Crkl	0
Crlf3	Crlf3	0
Crnkl1	Crnkl1	0
Crot	Crot	0
Crtc1	Crtc1	0
Crtc3	Crtc3	0
Cry1	Cry1	0
Cry2	Cry2	0
Crybg3	Crybg3	0
Crym	Crym	0
Cryzl1	Cryzl1	0
Csdc2	Csdc2	0
Csgalnact1	Csgalnact1	0
Csk	Csk	0
Csnk1d	Csnk1d	0
Csnk1g1	Csnk1g1	0
Csnk1g3	Csnk1g3	0
Csnk2a1	Csnk2a1	0
Csrnp2	Csrnp2	0
Csrp1	Csrp1	0
Csrp2bp	Csrp2bp	0
Cstb	Cstb	0
Cstf2	Cstf2	0
Ctage5	Ctage5	0
Ctbp1	Ctbp1	0
Ctbp2	Ctbp2	0
Ctdsp2	Ctdsp2	0
Cth	Cth	0
Ctnna2	Ctnna2	0
Ctnnal1	Ctnnal1	0
Ctnnbip1	Ctnnbip1	0
Ctnnbl1	Ctnnbl1	0
Ctnnd1	Ctnnd1	0
Ctns	Ctns	0
Ctps2	Ctps2	0
Ctr9	Ctr9	0
Ctsd	Ctsd	0
Ctsz	Ctsz	0
Cttnbp2	Cttnbp2	0
Cttnbp2nl	Cttnbp2nl	0
Cuedc1	Cuedc1	0
Cuedc2	Cuedc2	0
Cul1	Cul1	0
Cul2	Cul2	0
Cul3	Cul3	0
Cul4a	Cul4a	0
Cul4b	Cul4b	0
Cul7	Cul7	0
Cul9	Cul9	0
Cuta	Cuta	0
Cwc25	Cwc25	0
Cwc27	Cwc27	0
Cwf19l2	Cwf19l2	0
Cxcl14	Cxcl14	0
Cxcr7	Cxcr7	0
Cxx1b	Cxx1b	0
Cxx1c	Cxx1c	0
Cxxc1	Cxxc1	0
Cxxc4	Cxxc4	0
Cyb5b	Cyb5b	0
Cyb5d2	Cyb5d2	0
Cyb5r3	Cyb5r3	0
Cyb5r4	Cyb5r4	0
Cyba	Cyba	0
Cyc1	Cyc1	0
Cyfip2	Cyfip2	0
Cyhr1	Cyhr1	0
Cyld	Cyld	0
Cyp20a1	Cyp20a1	0
Cyp2j9	Cyp2j9	0
Cyp39a1	Cyp39a1	0
Cyp4f15	Cyp4f15	0
Cyp51	Cyp51	0
Cyth1	Cyth1	0
Cyth2	Cyth2	0
Cyth3	Cyth3	0
D030047H15Rik	D030047H15Rik	0
D030056L22Rik	D030056L22Rik	0
D10Jhu81e	D10Jhu81e	0
D10Wsu102e	D10Wsu102e	0
D10Wsu52e	D10Wsu52e	0
D11Wsu47e	D11Wsu47e	0
D130040H23Rik	D130040H23Rik	0
D15Ertd621e	D15Ertd621e	0
D16Ertd472e	D16Ertd472e	0
D17H6S53E	D17H6S53E	0
D17Wsu104e	D17Wsu104e	0
D19Bwg1357e	D19Bwg1357e	0
D19Ertd737e	D19Ertd737e	0
D2Wsu81e	D2Wsu81e	0
D330045A20Rik	D330045A20Rik	0
D3Ertd254e	D3Ertd254e	0
D3Ertd751e	D3Ertd751e	0
D430019H16Rik	D430019H16Rik	0
D430041D05Rik	D430041D05Rik	0
D5Ertd579e	D5Ertd579e	0
D630037F22Rik	D630037F22Rik	0
D630045J12Rik	D630045J12Rik	0
D7Ertd715e	D7Ertd715e	0
D8Ertd82e	D8Ertd82e	0
Dab1	Dab1	0
Dab2ip	Dab2ip	0
Dach1	Dach1	0
Dalrd3	Dalrd3	0
Dancr	Dancr	0
Dap	Dap	0
Dap3	Dap3	0
Dapk1	Dapk1	0
Dars	Dars	0
Dars2	Dars2	0
Dbf4	Dbf4	0
Dbn1	Dbn1	0
Dbnl	Dbnl	0
Dbpht2	Dbpht2	0
Dbt	Dbt	0
Dcaf10	Dcaf10	0
Dcaf11	Dcaf11	0
Dcaf12	Dcaf12	0
Dcaf13	Dcaf13	0
Dcaf15	Dcaf15	0
Dcaf17	Dcaf17	0
Dcaf4	Dcaf4	0
Dcaf5	Dcaf5	0
Dcaf7	Dcaf7	0
Dcaf8	Dcaf8	0
Dcbld1	Dcbld1	0
Dcbld2	Dcbld2	0
Dcdc2b	Dcdc2b	0
Dchs1	Dchs1	0
Dclk2	Dclk2	0
Dclre1a	Dclre1a	0
Dclre1b	Dclre1b	0
Dclre1c	Dclre1c	0
Dcp1a	Dcp1a	0
Dcp1b	Dcp1b	0
Dcps	Dcps	0
Dctn2	Dctn2	0
Dctn5	Dctn5	0
Dctn6	Dctn6	0
Dcun1d2	Dcun1d2	0
Dda1	Dda1	0
Ddb2	Ddb2	0
Ddit3	Ddit3	0
Ddrgk1	Ddrgk1	0
Ddt	Ddt	0
Ddx10	Ddx10	0
Ddx11	Ddx11	0
Ddx19a	Ddx19a	0
Ddx20	Ddx20	0
Ddx25	Ddx25	0
Ddx26b	Ddx26b	0
Ddx27	Ddx27	0
Ddx31	Ddx31	0
Ddx39	Ddx39	0
Ddx41	Ddx41	0
Ddx47	Ddx47	0
Ddx49	Ddx49	0
Ddx51	Ddx51	0
Ddx52	Ddx52	0
Ddx54	Ddx54	0
Ddx55	Ddx55	0
Ddx56	Ddx56	0
Deaf1	Deaf1	0
Deb1	Deb1	0
Decr1	Decr1	0
Dedd	Dedd	0
Degs1	Degs1	0
Dennd1a	Dennd1a	0
Dennd2a	Dennd2a	0
Dennd4a	Dennd4a	0
Dennd4b	Dennd4b	0
Dennd4c	Dennd4c	0
Denr	Denr	0
Depdc1a	Depdc1a	0
Depdc1b	Depdc1b	0
Depdc5	Depdc5	0
Dera	Dera	0
Derl2	Derl2	0
Desi1	Desi1	0
Desi2	Desi2	0
Dgat1	Dgat1	0
Dgcr14	Dgcr14	0
Dgcr2	Dgcr2	0
Dgkd	Dgkd	0
Dgke	Dgke	0
Dguok	Dguok	0
Dhcr24	Dhcr24	0
Dhcr7	Dhcr7	0
Dhdds	Dhdds	0
Dhodh	Dhodh	0
Dhps	Dhps	0
Dhrs1	Dhrs1	0
Dhrs7	Dhrs7	0
Dhx29	Dhx29	0
Dhx32	Dhx32	0
Dhx33	Dhx33	0
Dhx34	Dhx34	0
Dhx35	Dhx35	0
Dhx37	Dhx37	0
Dhx38	Dhx38	0
Dhx57	Dhx57	0
Dhx8	Dhx8	0
Diablo	Diablo	0
Diap2	Diap2	0
Diap3	Diap3	0
Dicer1	Dicer1	0
Dido1	Dido1	0
Diexf	Diexf	0
Dimt1	Dimt1	0
Dio2	Dio2	0
Dip2a	Dip2a	0
Dip2c	Dip2c	0
Dirc2	Dirc2	0
Dis3	Dis3	0
Dis3l	Dis3l	0
Dis3l2	Dis3l2	0
Dlat	Dlat	0
Dlc1	Dlc1	0
Dleu7	Dleu7	0
Dlg5	Dlg5	0
Dlgap4	Dlgap4	0
Dlgap5	Dlgap5	0
Dll1	Dll1	0
Dll3	Dll3	0
Dll4	Dll4	0
Dlst	Dlst	0
Dmrta2	Dmrta2	0
Dmxl1	Dmxl1	0
Dmxl2	Dmxl2	0
Dna2	Dna2	0
Dnaaf2	Dnaaf2	0
Dnaja3	Dnaja3	0
Dnajb11	Dnajb11	0
Dnajb14	Dnajb14	0
Dnajb4	Dnajb4	0
Dnajb6	Dnajb6	0
Dnajc11	Dnajc11	0
Dnajc13	Dnajc13	0
Dnajc14	Dnajc14	0
Dnajc15	Dnajc15	0
Dnajc18	Dnajc18	0
Dnajc19	Dnajc19	0
Dnajc2	Dnajc2	0
Dnajc24	Dnajc24	0
Dnajc27	Dnajc27	0
Dnajc28	Dnajc28	0
Dnajc3	Dnajc3	0
Dnajc30	Dnajc30	0
Dnajc4	Dnajc4	0
Dnajc5	Dnajc5	0
Dnajc7	Dnajc7	0
Dnalc4	Dnalc4	0
Dner	Dner	0
Dnm2	Dnm2	0
Dnmt1	Dnmt1	0
Dnmt3b	Dnmt3b	0
Dnpep	Dnpep	0
Dnph1	Dnph1	0
Dock11	Dock11	0
Dock3	Dock3	0
Dock4	Dock4	0
Dock7	Dock7	0
Dock9	Dock9	0
Dok5	Dok5	0
Dolpp1	Dolpp1	0
Dom3z	Dom3z	0
Donson	Donson	0
Dopey1	Dopey1	0
Dopey2	Dopey2	0
Dos	Dos	0
Dpagt1	Dpagt1	0
Dpcd	Dpcd	0
Dpf1	Dpf1	0
Dph2	Dph2	0
Dph5	Dph5	0
Dpm1	Dpm1	0
Dpm2	Dpm2	0
Dpp9	Dpp9	0
Dpy19l1	Dpy19l1	0
Dpy19l3	Dpy19l3	0
Dpy19l4	Dpy19l4	0
Dpysl5	Dpysl5	0
Dr1	Dr1	0
Dram2	Dram2	0
Drap1	Drap1	0
Drp2	Drp2	0
Dscc1	Dscc1	0
Dscr3	Dscr3	0
Dse	Dse	0
Dstyk	Dstyk	0
Dtd1	Dtd1	0
Dtd2	Dtd2	0
Dtnbp1	Dtnbp1	0
Dtwd1	Dtwd1	0
Dtwd2	Dtwd2	0
Dtx1	Dtx1	0
Dtx3	Dtx3	0
Dtx3l	Dtx3l	0
Dus1l	Dus1l	0
Dus2l	Dus2l	0
Dus3l	Dus3l	0
Dusp1	Dusp1	0
Dusp16	Dusp16	0
Dusp18	Dusp18	0
Dusp3	Dusp3	0
Dusp6	Dusp6	0
Dvl3	Dvl3	0
Dync2h1	Dync2h1	0
Dync2li1	Dync2li1	0
Dynlt1a	Dynlt1a	0
Dynlt3	Dynlt3	0
Dyrk3	Dyrk3	0
Dzip3	Dzip3	0
E130102H24Rik	E130102H24Rik	0
E130307A14Rik	E130307A14Rik	0
E130308A19Rik	E130308A19Rik	0
E2f1	E2f1	0
E2f2	E2f2	0
E2f4	E2f4	0
E2f5	E2f5	0
E2f7	E2f7	0
E2f8	E2f8	0
E330033B04Rik	E330033B04Rik	0
E430025E21Rik	E430025E21Rik	0
E530011L22Rik	E530011L22Rik	0
Ebag9	Ebag9	0
Ebpl	Ebpl	0
Ecd	Ecd	0
Ece2	Ece2	0
Ech1	Ech1	0
Echdc1	Echdc1	0
Echdc2	Echdc2	0
Eci1	Eci1	0
Ecsit	Ecsit	0
Edar	Edar	0
Edc3	Edc3	0
Edc4	Edc4	0
Edem1	Edem1	0
Edem2	Edem2	0
Edem3	Edem3	0
Edf1	Edf1	0
Edil3	Edil3	0
Eea1	Eea1	0
Eed	Eed	0
Eef1d	Eef1d	0
Eef1e1	Eef1e1	0
Eef2k	Eef2k	0
Efcab11	Efcab11	0
Efcab2	Efcab2	0
Efcab7	Efcab7	0
Efemp1	Efemp1	0
Efemp2	Efemp2	0
Efha1	Efha1	0
Efna5	Efna5	0
Efnb1	Efnb1	0
Efnb2	Efnb2	0
Efr3a	Efr3a	0
Efr3b	Efr3b	0
Eftud1	Eftud1	0
Eftud2	Eftud2	0
Egf	Egf	0
Egln2	Egln2	0
Egr2	Egr2	0
Ehbp1	Ehbp1	0
Ehd1	Ehd1	0
Ehmt2	Ehmt2	0
Ei24	Ei24	0
Eif1ad	Eif1ad	0
Eif2ak1	Eif2ak1	0
Eif2ak2	Eif2ak2	0
Eif2ak4	Eif2ak4	0
Eif2b2	Eif2b2	0
Eif2b3	Eif2b3	0
Eif2b4	Eif2b4	0
Eif2b5	Eif2b5	0
Eif2c2	Eif2c2	0
Eif2c3	Eif2c3	0
Eif2c4	Eif2c4	0
Eif2d	Eif2d	0
Eif2s3x	Eif2s3x	0
Eif3b	Eif3b	0
Eif3d	Eif3d	0
Eif3f	Eif3f	0
Eif3k	Eif3k	0
Eif4b	Eif4b	0
Eif4e3	Eif4e3	0
Eif4ebp2	Eif4ebp2	0
Eif4ebp3	Eif4ebp3	0
Eif4enif1	Eif4enif1	0
Eif6	Eif6	0
Elac1	Elac1	0
Elavl2	Elavl2	0
Elavl3	Elavl3	0
Elf2	Elf2	0
Elk1	Elk1	0
Elmo2	Elmo2	0
Elmod2	Elmod2	0
Elmod3	Elmod3	0
Elof1	Elof1	0
Elovl6	Elovl6	0
Elp3	Elp3	0
Elp4	Elp4	0
Elp5	Elp5	0
Elp6	Elp6	0
Emc3	Emc3	0
Emc4	Emc4	0
Emc6	Emc6	0
Emc8	Emc8	0
Emd	Emd	0
Eme1	Eme1	0
Eml3	Eml3	0
Emx2	Emx2	0
Enah	Enah	0
Enc1	Enc1	0
Endod1	Endod1	0
Endov	Endov	0
Enho	Enho	0
Eno3	Eno3	0
Enoph1	Enoph1	0
Enpp4	Enpp4	0
Enpp5	Enpp5	0
Ensa	Ensa	0
Entpd2	Entpd2	0
Entpd5	Entpd5	0
Entpd6	Entpd6	0
Entpd7	Entpd7	0
Ep300	Ep300	0
Epas1	Epas1	0
Epb4.1	Epb4.1	0
Epb4.1l2	Epb4.1l2	0
Epb4.1l5	Epb4.1l5	0
Epc2	Epc2	0
Epdr1	Epdr1	0
Epha3	Epha3	0
Epha4	Epha4	0
Epha5	Epha5	0
Ephb1	Ephb1	0
Ephb2	Ephb2	0
Epm2aip1	Epm2aip1	0
Epn2	Epn2	0
Eps8	Eps8	0
Ept1	Ept1	0
Eral1	Eral1	0
Erap1	Erap1	0
Erbb2ip	Erbb2ip	0
Erc1	Erc1	0
Ercc3	Ercc3	0
Ercc4	Ercc4	0
Ercc5	Ercc5	0
Ercc6l	Ercc6l	0
Ercc6l2	Ercc6l2	0
Ergic2	Ergic2	0
Ergic3	Ergic3	0
Eri1	Eri1	0
Eri2	Eri2	0
Eri3	Eri3	0
Erlec1	Erlec1	0
Ermp1	Ermp1	0
Erp44	Erp44	0
Esco2	Esco2	0
Espl1	Espl1	0
Esyt2	Esyt2	0
Etf1	Etf1	0
Etfa	Etfa	0
Ethe1	Ethe1	0
Etnk1	Etnk1	0
Etohi1	Etohi1	0
Etv1	Etv1	0
Etv6	Etv6	0
Eva1a	Eva1a	0
Evc	Evc	0
Evc2	Evc2	0
Evi5	Evi5	0
Exd2	Exd2	0
Exo1	Exo1	0
Exoc1	Exoc1	0
Exoc2	Exoc2	0
Exoc3	Exoc3	0
Exoc4	Exoc4	0
Exoc5	Exoc5	0
Exoc6b	Exoc6b	0
Exoc8	Exoc8	0
Exog	Exog	0
Exosc1	Exosc1	0
Exosc10	Exosc10	0
Exosc2	Exosc2	0
Exosc3	Exosc3	0
Exosc4	Exosc4	0
Exosc5	Exosc5	0
Exosc7	Exosc7	0
Exosc9	Exosc9	0
Ext1	Ext1	0
Ext2	Ext2	0
Extl2	Extl2	0
Extl3	Extl3	0
Eya3	Eya3	0
Ezh1	Ezh1	0
F2	F2	0
F630111L10Rik	F630111L10Rik	0
Fadd	Fadd	0
Fads2	Fads2	0
Faf1	Faf1	0
Faf2	Faf2	0
Fah	Fah	0
Fahd1	Fahd1	0
Faim	Faim	0
Fam102b	Fam102b	0
Fam104a	Fam104a	0
Fam105b	Fam105b	0
Fam107b	Fam107b	0
Fam110a	Fam110a	0
Fam111a	Fam111a	0
Fam114a2	Fam114a2	0
Fam115a	Fam115a	0
Fam117b	Fam117b	0
Fam120b	Fam120b	0
Fam120c	Fam120c	0
Fam122a	Fam122a	0
Fam126a	Fam126a	0
Fam126b	Fam126b	0
Fam134a	Fam134a	0
Fam134b	Fam134b	0
Fam135a	Fam135a	0
Fam13a	Fam13a	0
Fam13b	Fam13b	0
Fam13c	Fam13c	0
Fam149b	Fam149b	0
Fam160a2	Fam160a2	0
Fam160b1	Fam160b1	0
Fam160b2	Fam160b2	0
Fam162a	Fam162a	0
Fam168a	Fam168a	0
Fam171a1	Fam171a1	0
Fam171b	Fam171b	0
Fam173a	Fam173a	0
Fam173b	Fam173b	0
Fam174a	Fam174a	0
Fam175b	Fam175b	0
Fam181b	Fam181b	0
Fam184a	Fam184a	0
Fam188a	Fam188a	0
Fam188b	Fam188b	0
Fam193a	Fam193a	0
Fam193b	Fam193b	0
Fam195b	Fam195b	0
Fam196a	Fam196a	0
Fam199x	Fam199x	0
Fam20b	Fam20b	0
Fam20c	Fam20c	0
Fam210a	Fam210a	0
Fam210b	Fam210b	0
Fam214a	Fam214a	0
Fam214b	Fam214b	0
Fam216a	Fam216a	0
Fam219b	Fam219b	0
Fam220a	Fam220a	0
Fam222b	Fam222b	0
Fam228b	Fam228b	0
Fam229b	Fam229b	0
Fam3c	Fam3c	0
Fam45a	Fam45a	0
Fam50a	Fam50a	0
Fam53c	Fam53c	0
Fam58b	Fam58b	0
Fam63a	Fam63a	0
Fam63b	Fam63b	0
Fam64a	Fam64a	0
Fam69a	Fam69a	0
Fam73a	Fam73a	0
Fam73b	Fam73b	0
Fam76a	Fam76a	0
Fam76b	Fam76b	0
Fam81a	Fam81a	0
Fam83d	Fam83d	0
Fam84a	Fam84a	0
Fam86	Fam86	0
Fam92a	Fam92a	0
Fam96a	Fam96a	0
Fam96b	Fam96b	0
Fam98a	Fam98a	0
Fanca	Fanca	0
Fancb	Fancb	0
Fancc	Fancc	0
Fancg	Fancg	0
Fanci	Fanci	0
Fancl	Fancl	0
Fancm	Fancm	0
Far1	Far1	0
Farp1	Farp1	0
Fars2	Fars2	0
Farsa	Farsa	0
Farsb	Farsb	0
Fastk	Fastk	0
Fastkd1	Fastkd1	0
Fastkd2	Fastkd2	0
Fastkd3	Fastkd3	0
Fau	Fau	0
Faxc	Faxc	0
Fbf1	Fbf1	0
Fbln1	Fbln1	0
Fbln2	Fbln2	0
Fbrs	Fbrs	0
Fbxl12	Fbxl12	0
Fbxl14	Fbxl14	0
Fbxl20	Fbxl20	0
Fbxl3	Fbxl3	0
Fbxl4	Fbxl4	0
Fbxl5	Fbxl5	0
Fbxl6	Fbxl6	0
Fbxo18	Fbxo18	0
Fbxo2	Fbxo2	0
Fbxo21	Fbxo21	0
Fbxo22	Fbxo22	0
Fbxo25	Fbxo25	0
Fbxo28	Fbxo28	0
Fbxo3	Fbxo3	0
Fbxo30	Fbxo30	0
Fbxo36	Fbxo36	0
Fbxo38	Fbxo38	0
Fbxo42	Fbxo42	0
Fbxo44	Fbxo44	0
Fbxo45	Fbxo45	0
Fbxo46	Fbxo46	0
Fbxo7	Fbxo7	0
Fbxo8	Fbxo8	0
Fbxo9	Fbxo9	0
Fbxw2	Fbxw2	0
Fbxw5	Fbxw5	0
Fbxw8	Fbxw8	0
Fcho1	Fcho1	0
Fcho2	Fcho2	0
Fdps	Fdps	0
Fdxacb1	Fdxacb1	0
Fem1a	Fem1a	0
Fem1b	Fem1b	0
Fem1c	Fem1c	0
Fen1	Fen1	0
Fermt2	Fermt2	0
Fert2	Fert2	0
Fgd4	Fgd4	0
Fgf12	Fgf12	0
Fgf13	Fgf13	0
Fgfbp3	Fgfbp3	0
Fgfr1op	Fgfr1op	0
Fgfrl1	Fgfrl1	0
Fhit	Fhit	0
Fhl1	Fhl1	0
Fhl3	Fhl3	0
Fibp	Fibp	0
Fignl1	Fignl1	0
Fip1l1	Fip1l1	0
Fiz1	Fiz1	0
Fkbp15	Fkbp15	0
Fkbp1a	Fkbp1a	0
Fkbp5	Fkbp5	0
Fkbp7	Fkbp7	0
Fkbp9	Fkbp9	0
Fktn	Fktn	0
Flad1	Flad1	0
Fli1	Fli1	0
Flii	Flii	0
Flna	Flna	0
Flnb	Flnb	0
Flot1	Flot1	0
Flot2	Flot2	0
Flrt1	Flrt1	0
Flrt3	Flrt3	0
Fmn2	Fmn2	0
Fmnl3	Fmnl3	0
Fmo1	Fmo1	0
Fndc3a	Fndc3a	0
Fndc4	Fndc4	0
Fnip2	Fnip2	0
Fnta	Fnta	0
Focad	Focad	0
Folh1	Folh1	0
Fosb	Fosb	0
Foxj3	Foxj3	0
Foxm1	Foxm1	0
Foxn2	Foxn2	0
Foxp1	Foxp1	0
Foxred1	Foxred1	0
Foxred2	Foxred2	0
Fpgt	Fpgt	0
Frat2	Frat2	0
Frmd4a	Frmd4a	0
Frmd4b	Frmd4b	0
Frmd8	Frmd8	0
Frs2	Frs2	0
Fryl	Fryl	0
Fscn1	Fscn1	0
Fsd1	Fsd1	0
Fto	Fto	0
Ftsj1	Ftsj1	0
Ftsj3	Ftsj3	0
Ftsjd2	Ftsjd2	0
Ftx	Ftx	0
Fuca1	Fuca1	0
Fundc1	Fundc1	0
Fuom	Fuom	0
Furin	Furin	0
Fut8	Fut8	0
Fut9	Fut9	0
Fxyd1	Fxyd1	0
Fxyd6	Fxyd6	0
Fyco1	Fyco1	0
Fyn	Fyn	0
Fyttd1	Fyttd1	0
Fzd1	Fzd1	0
G0s2	G0s2	0
G3bp2	G3bp2	0
G6pc3	G6pc3	0
G6pdx	G6pdx	0
Gaa	Gaa	0
Gab1	Gab1	0
Gabarapl1	Gabarapl1	0
Gabarapl2	Gabarapl2	0
Gabbr1	Gabbr1	0
Gabpa	Gabpa	0
Gabpb1	Gabpb1	0
Gabpb2	Gabpb2	0
Gabrb1	Gabrb1	0
Gabrb3	Gabrb3	0
Gad2	Gad2	0
Gak	Gak	0
Galc	Galc	0
Galnt1	Galnt1	0
Galnt16	Galnt16	0
Galnt2	Galnt2	0
Galnt7	Galnt7	0
Gamt	Gamt	0
Ganab	Ganab	0
Ganc	Ganc	0
Gapvd1	Gapvd1	0
Gars	Gars	0
Gart	Gart	0
Gas2	Gas2	0
Gatad1	Gatad1	0
Gatc	Gatc	0
Gatm	Gatm	0
Gba2	Gba2	0
Gbf1	Gbf1	0
Gbp7	Gbp7	0
Gclc	Gclc	0
Gclm	Gclm	0
Gcn1l1	Gcn1l1	0
Gcsh	Gcsh	0
Gdap1	Gdap1	0
Gdap1l1	Gdap1l1	0
Gdap2	Gdap2	0
Gde1	Gde1	0
Gdi1	Gdi1	0
Gdpd2	Gdpd2	0
Gem	Gem	0
Gemin2	Gemin2	0
Gemin5	Gemin5	0
Gemin6	Gemin6	0
Gemin7	Gemin7	0
Gemin8	Gemin8	0
Gen1	Gen1	0
Get4	Get4	0
Gfer	Gfer	0
Gfm1	Gfm1	0
Gfm2	Gfm2	0
Gfpt1	Gfpt1	0
Gga1	Gga1	0
Gga2	Gga2	0
Ggh	Ggh	0
Ggnbp2	Ggnbp2	0
Ghitm	Ghitm	0
Ghr	Ghr	0
Gid4	Gid4	0
Gid8	Gid8	0
Gigyf2	Gigyf2	0
Gin1	Gin1	0
Ginm1	Ginm1	0
Gins1	Gins1	0
Gins2	Gins2	0
Gins3	Gins3	0
Gipc1	Gipc1	0
Git1	Git1	0
Git2	Git2	0
Gjc1	Gjc1	0
Glb1	Glb1	0
Gldc	Gldc	0
Gle1	Gle1	0
Glg1	Glg1	0
Gli3	Gli3	0
Glipr2	Glipr2	0
Glis2	Glis2	0
Glod4	Glod4	0
Glrx	Glrx	0
Glrx2	Glrx2	0
Glt25d1	Glt25d1	0
Gltp	Gltp	0
Gltscr1	Gltscr1	0
Gltscr1l	Gltscr1l	0
Gltscr2	Gltscr2	0
Glyctk	Glyctk	0
Gm10033	Gm10033	0
Gm10125	Gm10125	0
Gm10677	Gm10677	0
Gm10785	Gm10785	0
Gm11549	Gm11549	0
Gm11602	Gm11602	0
Gm11627	Gm11627	0
Gm11974	Gm11974	0
Gm129	Gm129	0
Gm13889	Gm13889	0
Gm14322	Gm14322	0
Gm14325	Gm14325	0
Gm14403	Gm14403	0
Gm15800	Gm15800	0
Gm16023	Gm16023	0
Gm16039	Gm16039	0
Gm16515	Gm16515	0
Gm1673	Gm1673	0
Gm16845	Gm16845	0
Gm17066	Gm17066	0
Gm19522	Gm19522	0
Gm20199	Gm20199	0
Gm20300	Gm20300	0
Gm2382	Gm2382	0
Gm3219	Gm3219	0
Gm3258	Gm3258	0
Gm3414	Gm3414	0
Gm5506	Gm5506	0
Gm5512	Gm5512	0
Gm5577	Gm5577	0
Gm561	Gm561	0
Gm5918	Gm5918	0
Gm608	Gm608	0
Gm6525	Gm6525	0
Gm973	Gm973	0
Gm9958	Gm9958	0
Gmcl1	Gmcl1	0
Gmeb1	Gmeb1	0
Gmnn	Gmnn	0
Gmppa	Gmppa	0
Gmpr2	Gmpr2	0
Gna13	Gna13	0
Gnai1	Gnai1	0
Gnai3	Gnai3	0
Gnal	Gnal	0
Gnaq	Gnaq	0
Gng12	Gng12	0
Gng3	Gng3	0
Gnl1	Gnl1	0
Gnl2	Gnl2	0
Gnl3l	Gnl3l	0
Gnpat	Gnpat	0
Gnpda2	Gnpda2	0
Gnpnat1	Gnpnat1	0
Gnptab	Gnptab	0
Gnptg	Gnptg	0
Gns	Gns	0
Golga1	Golga1	0
Golga2	Golga2	0
Golga3	Golga3	0
Golga4	Golga4	0
Golga5	Golga5	0
Golga7	Golga7	0
Golgb1	Golgb1	0
Golim4	Golim4	0
Golph3l	Golph3l	0
Gopc	Gopc	0
Gorab	Gorab	0
Gosr1	Gosr1	0
Gosr2	Gosr2	0
Got2	Got2	0
Gpaa1	Gpaa1	0
Gpam	Gpam	0
Gpank1	Gpank1	0
Gpatch1	Gpatch1	0
Gpatch11	Gpatch11	0
Gpatch2	Gpatch2	0
Gpatch2l	Gpatch2l	0
Gpatch4	Gpatch4	0
Gpc2	Gpc2	0
Gpc4	Gpc4	0
Gpc5	Gpc5	0
Gpd1l	Gpd1l	0
Gpi1	Gpi1	0
Gpkow	Gpkow	0
Gpn1	Gpn1	0
Gpn3	Gpn3	0
Gpr107	Gpr107	0
Gpr108	Gpr108	0
Gpr123	Gpr123	0
Gpr125	Gpr125	0
Gpr137	Gpr137	0
Gpr137b	Gpr137b	0
Gpr137b.ps	Gpr137b.ps	0
Gpr171	Gpr171	0
Gpr19	Gpr19	0
Gpr37	Gpr37	0
Gpr89	Gpr89	0
Gprasp1	Gprasp1	0
Gprasp2	Gprasp2	0
Gprc5b	Gprc5b	0
Gpsm1	Gpsm1	0
Gpsm2	Gpsm2	0
Gpt2	Gpt2	0
Gpx1	Gpx1	0
Gpx7	Gpx7	0
Gpx8	Gpx8	0
Gramd3	Gramd3	0
Grb2	Grb2	0
Grik2	Grik2	0
Grik5	Grik5	0
Grin2c	Grin2c	0
Grin3a	Grin3a	0
Gripap1	Gripap1	0
Grk4	Grk4	0
Grk6	Grk6	0
Grlf1	Grlf1	0
Grpel2	Grpel2	0
Grsf1	Grsf1	0
Grtp1	Grtp1	0
Grwd1	Grwd1	0
Gsr	Gsr	0
Gsta4	Gsta4	0
Gstk1	Gstk1	0
Gsto1	Gsto1	0
Gstt1	Gstt1	0
Gstz1	Gstz1	0
Gsx1	Gsx1	0
Gtdc1	Gtdc1	0
Gtf2b	Gtf2b	0
Gtf2e1	Gtf2e1	0
Gtf2e2	Gtf2e2	0
Gtf2f2	Gtf2f2	0
Gtf2h1	Gtf2h1	0
Gtf2h2	Gtf2h2	0
Gtf2h3	Gtf2h3	0
Gtf2i	Gtf2i	0
Gtf2ird1	Gtf2ird1	0
Gtf3c1	Gtf3c1	0
Gtf3c3	Gtf3c3	0
Gtf3c4	Gtf3c4	0
Gtf3c5	Gtf3c5	0
Gtl3	Gtl3	0
Gtpbp1	Gtpbp1	0
Gtpbp10	Gtpbp10	0
Gtpbp5	Gtpbp5	0
Gtpbp8	Gtpbp8	0
Gtse1	Gtse1	0
Gucy1a2	Gucy1a2	0
Guf1	Guf1	0
Gusb	Gusb	0
Gxylt1	Gxylt1	0
Gyg	Gyg	0
Gyk	Gyk	0
Gzf1	Gzf1	0
H2.K1	H2.K1	0
H2.Ke2	H2.Ke2	0
H2.Ke6	H2.Ke6	0
H2.T10	H2.T10	0
H2afj	H2afj	0
Hace1	Hace1	0
Hacl1	Hacl1	0
Hadh	Hadh	0
Hadhb	Hadhb	0
Hagh	Hagh	0
Haghl	Haghl	0
Hap1	Hap1	0
Hapln1	Hapln1	0
Harbi1	Harbi1	0
Hars	Hars	0
Hars2	Hars2	0
Haus2	Haus2	0
Haus4	Haus4	0
Haus5	Haus5	0
Haus6	Haus6	0
Haus7	Haus7	0
Haus8	Haus8	0
Hbp1	Hbp1	0
Hccs	Hccs	0
Hcfc1r1	Hcfc1r1	0
Hcfc2	Hcfc2	0
Hcn3	Hcn3	0
Hdac1	Hdac1	0
Hdac2	Hdac2	0
Hdac3	Hdac3	0
Hdac5	Hdac5	0
Hdac6	Hdac6	0
Hdac7	Hdac7	0
Hdac8	Hdac8	0
Hdac9	Hdac9	0
Hddc2	Hddc2	0
Hdgfrp2	Hdgfrp2	0
Hdhd2	Hdhd2	0
Hdlbp	Hdlbp	0
Heatr3	Heatr3	0
Heatr5b	Heatr5b	0
Heca	Heca	0
Heg1	Heg1	0
Helq	Helq	0
Helt	Helt	0
Helz	Helz	0
Herc4	Herc4	0
Herc6	Herc6	0
Herpud1	Herpud1	0
Herpud2	Herpud2	0
Hexa	Hexa	0
Hexb	Hexb	0
Hgs	Hgs	0
Hiat1	Hiat1	0
Hiatl1	Hiatl1	0
Hibadh	Hibadh	0
Hibch	Hibch	0
Hif1an	Hif1an	0
Higd2a	Higd2a	0
Hilpda	Hilpda	0
Hint2	Hint2	0
Hint3	Hint3	0
Hip1	Hip1	0
Hipk2	Hipk2	0
Hipk3	Hipk3	0
Hira	Hira	0
Hirip3	Hirip3	0
Hist1h1b	Hist1h1b	0
Hist1h1c	Hist1h1c	0
Hivep1	Hivep1	0
Hivep2	Hivep2	0
Hk1	Hk1	0
Hk2	Hk2	0
Hlf	Hlf	0
Hltf	Hltf	0
Hmbox1	Hmbox1	0
Hmbs	Hmbs	0
Hmg20a	Hmg20a	0
Hmg20b	Hmg20b	0
Hmgcl	Hmgcl	0
Hmgcs2	Hmgcs2	0
Hmgxb3	Hmgxb3	0
Hmgxb4	Hmgxb4	0
Hmox2	Hmox2	0
Hn1l	Hn1l	0
Hnmt	Hnmt	0
Hnrnpf	Hnrnpf	0
Hnrnph2	Hnrnph2	0
Hnrnph3	Hnrnph3	0
Hnrnpr	Hnrnpr	0
Hnrnpul2	Hnrnpul2	0
Hnrpll	Hnrpll	0
Homer1	Homer1	0
Homer2	Homer2	0
Homer3	Homer3	0
Hook3	Hook3	0
Hopx	Hopx	0
Hpcal1	Hpcal1	0
Hps1	Hps1	0
Hps3	Hps3	0
Hps4	Hps4	0
Hs2st1	Hs2st1	0
Hscb	Hscb	0
Hsd17b10	Hsd17b10	0
Hsd17b7	Hsd17b7	0
Hsdl1	Hsdl1	0
Hsdl2	Hsdl2	0
Hspa13	Hspa13	0
Hspa14	Hspa14	0
Hspa2	Hspa2	0
Hspa4l	Hspa4l	0
Hspb11	Hspb11	0
Hspb6	Hspb6	0
Hspbp1	Hspbp1	0
Hspd1	Hspd1	0
Htatsf1	Htatsf1	0
Htt	Htt	0
Hus1	Hus1	0
Hyal2	Hyal2	0
Iah1	Iah1	0
Iars	Iars	0
Iars2	Iars2	0
Ibtk	Ibtk	0
Id1	Id1	0
Id3	Id3	0
Ide	Ide	0
Idh2	Idh2	0
Idh3g	Idh3g	0
Idi1	Idi1	0
Ids	Ids	0
Idua	Idua	0
Ier3ip1	Ier3ip1	0
Ier5	Ier5	0
Ifi27l1	Ifi27l1	0
Ifit2	Ifit2	0
Ifitm2	Ifitm2	0
Ifngr1	Ifngr1	0
Ifngr2	Ifngr2	0
Ifnk	Ifnk	0
Ift122	Ift122	0
Ift140	Ift140	0
Ift172	Ift172	0
Ift20	Ift20	0
Ift27	Ift27	0
Ift43	Ift43	0
Ift52	Ift52	0
Ift57	Ift57	0
Ift80	Ift80	0
Ift88	Ift88	0
Igbp1	Igbp1	0
Igdcc3	Igdcc3	0
Igdcc4	Igdcc4	0
Igf2r	Igf2r	0
Igsf21	Igsf21	0
Igsf8	Igsf8	0
Ikbkb	Ikbkb	0
Ikbkg	Ikbkg	0
Ikzf2	Ikzf2	0
Ikzf5	Ikzf5	0
Il1rapl1	Il1rapl1	0
Il6st	Il6st	0
Ildr2	Ildr2	0
Ilkap	Ilkap	0
Immp1l	Immp1l	0
Imp3	Imp3	0
Imp4	Imp4	0
Impa1	Impa1	0
Impad1	Impad1	0
Impdh2	Impdh2	0
Incenp	Incenp	0
Ing1	Ing1	0
Ing2	Ing2	0
Ing3	Ing3	0
Ing4	Ing4	0
Inhbb	Inhbb	0
Inip	Inip	0
Ino80	Ino80	0
Ino80d	Ino80d	0
Inpp4a	Inpp4a	0
Inpp5b	Inpp5b	0
Inpp5e	Inpp5e	0
Inpp5k	Inpp5k	0
Insig2	Insig2	0
Insr	Insr	0
Ints1	Ints1	0
Ints10	Ints10	0
Ints12	Ints12	0
Ints2	Ints2	0
Ints3	Ints3	0
Ints4	Ints4	0
Ints6	Ints6	0
Ints8	Ints8	0
Ints9	Ints9	0
Ip6k1	Ip6k1	0
Ip6k2	Ip6k2	0
Ipmk	Ipmk	0
Ipo4	Ipo4	0
Ipo5	Ipo5	0
Ipo7	Ipo7	0
Ipo8	Ipo8	0
Ipo9	Ipo9	0
Iqcb1	Iqcb1	0
Iqcc	Iqcc	0
Iqgap1	Iqgap1	0
Iqgap2	Iqgap2	0
Irak1bp1	Irak1bp1	0
Irak2	Irak2	0
Irf2bp1	Irf2bp1	0
Irgm1	Irgm1	0
Irgq	Irgq	0
Irs1	Irs1	0
Isca1	Isca1	0
Isoc1	Isoc1	0
Ist1	Ist1	0
Isy1	Isy1	0
Itfg2	Itfg2	0
Itfg3	Itfg3	0
Itgb1	Itgb1	0
Itgb1bp1	Itgb1bp1	0
Itgb5	Itgb5	0
Itgb8	Itgb8	0
Itpr2	Itpr2	0
Itpripl1	Itpripl1	0
Itsn2	Itsn2	0
Ivd	Ivd	0
Iws1	Iws1	0
Jagn1	Jagn1	0
Jak2	Jak2	0
Jam3	Jam3	0
Jhdm1d	Jhdm1d	0
Jkamp	Jkamp	0
Jmjd6	Jmjd6	0
Jmy	Jmy	0
Josd1	Josd1	0
Jph1	Jph1	0
Junb	Junb	0
Jup	Jup	0
Kalrn	Kalrn	0
Kank1	Kank1	0
Kansl2	Kansl2	0
Kansl3	Kansl3	0
Kars	Kars	0
Kat2a	Kat2a	0
Kat2b	Kat2b	0
Kat6b	Kat6b	0
Kat7	Kat7	0
Kat8	Kat8	0
Katna1	Katna1	0
Katnal1	Katnal1	0
Kbtbd11	Kbtbd11	0
Kbtbd2	Kbtbd2	0
Kbtbd3	Kbtbd3	0
Kbtbd4	Kbtbd4	0
Kbtbd8	Kbtbd8	0
Kcmf1	Kcmf1	0
Kcna2	Kcna2	0
Kcnb1	Kcnb1	0
Kcnc1	Kcnc1	0
Kcne1l	Kcne1l	0
Kcnh7	Kcnh7	0
Kcnj13	Kcnj13	0
Kcnk1	Kcnk1	0
Kcnk10	Kcnk10	0
Kcnq1ot1	Kcnq1ot1	0
Kctd1	Kctd1	0
Kctd13	Kctd13	0
Kctd15	Kctd15	0
Kctd17	Kctd17	0
Kctd20	Kctd20	0
Kctd3	Kctd3	0
Kctd4	Kctd4	0
Kctd5	Kctd5	0
Kctd6	Kctd6	0
Kctd9	Kctd9	0
Kdelc1	Kdelc1	0
Kdelc2	Kdelc2	0
Kdm1b	Kdm1b	0
Kdm2b	Kdm2b	0
Kdm3a	Kdm3a	0
Kdm4a	Kdm4a	0
Kdm4b	Kdm4b	0
Kdm4c	Kdm4c	0
Kdm5b	Kdm5b	0
Kdm5d	Kdm5d	0
Kdm6a	Kdm6a	0
Keap1	Keap1	0
Khdrbs1	Khdrbs1	0
Khdrbs3	Khdrbs3	0
Kif11	Kif11	0
Kif13a	Kif13a	0
Kif13b	Kif13b	0
Kif14	Kif14	0
Kif18a	Kif18a	0
Kif18b	Kif18b	0
Kif1c	Kif1c	0
Kif21b	Kif21b	0
Kif2c	Kif2c	0
Kif3b	Kif3b	0
Kif4	Kif4	0
Kif5a	Kif5a	0
Kif5c	Kif5c	0
Kin	Kin	0
Kitl	Kitl	0
Klf10	Klf10	0
Klf11	Klf11	0
Klf12	Klf12	0
Klf15	Klf15	0
Klf3	Klf3	0
Klf6	Klf6	0
Klf7	Klf7	0
Klf9	Klf9	0
Klhdc10	Klhdc10	0
Klhdc3	Klhdc3	0
Klhdc4	Klhdc4	0
Klhdc5	Klhdc5	0
Klhl12	Klhl12	0
Klhl13	Klhl13	0
Klhl17	Klhl17	0
Klhl20	Klhl20	0
Klhl22	Klhl22	0
Klhl23	Klhl23	0
Klhl28	Klhl28	0
Klhl5	Klhl5	0
Kndc1	Kndc1	0
Knstrn	Knstrn	0
Kntc1	Kntc1	0
Kpna4	Kpna4	0
Kpna6	Kpna6	0
Kras	Kras	0
Krba1	Krba1	0
Krcc1	Krcc1	0
Kri1	Kri1	0
Krit1	Krit1	0
Krt10	Krt10	0
Kti12	Kti12	0
Kxd1	Kxd1	0
L3hypdh	L3hypdh	0
L3mbtl2	L3mbtl2	0
L3mbtl3	L3mbtl3	0
LOC100504703	LOC100504703	0
LOC106740	LOC106740	0
Lace1	Lace1	0
Lage3	Lage3	0
Lair1	Lair1	0
Lamc1	Lamc1	0
Lamp1	Lamp1	0
Lamp2	Lamp2	0
Lamtor1	Lamtor1	0
Lamtor2	Lamtor2	0
Lamtor3	Lamtor3	0
Lamtor4	Lamtor4	0
Lancl2	Lancl2	0
Lap3	Lap3	0
Laptm4b	Laptm4b	0
Larp4b	Larp4b	0
Lasp1	Lasp1	0
Lats1	Lats1	0
Lats2	Lats2	0
Lca5	Lca5	0
Lcorl	Lcorl	0
Ldb1	Ldb1	0
Ldlr	Ldlr	0
Ldlrad3	Ldlrad3	0
Lekr1	Lekr1	0
Lemd2	Lemd2	0
Lemd3	Lemd3	0
Leng1	Leng1	0
Leo1	Leo1	0
Leprotl1	Leprotl1	0
Letm1	Letm1	0
Letm2	Letm2	0
Letmd1	Letmd1	0
Lgals1	Lgals1	0
Lgals3	Lgals3	0
Lgalsl	Lgalsl	0
Lgi4	Lgi4	0
Lgmn	Lgmn	0
Lhfp	Lhfp	0
Lhpp	Lhpp	0
Lifr	Lifr	0
Lig3	Lig3	0
Limch1	Limch1	0
Limd1	Limd1	0
Limd2	Limd2	0
Lime1	Lime1	0
Limk2	Limk2	0
Lims1	Lims1	0
Lin37	Lin37	0
Lin52	Lin52	0
Lin7a	Lin7a	0
Lin9	Lin9	0
Lins	Lins	0
Lix1	Lix1	0
Llgl1	Llgl1	0
Llph	Llph	0
Lman1	Lman1	0
Lman2	Lman2	0
Lmbr1	Lmbr1	0
Lmbrd1	Lmbrd1	0
Lmf2	Lmf2	0
Lmnb1	Lmnb1	0
Lmnb2	Lmnb2	0
Lmo1	Lmo1	0
Lmo3	Lmo3	0
Lmo4	Lmo4	0
Lmtk2	Lmtk2	0
Lnpep	Lnpep	0
Lnx1	Lnx1	0
Lonp1	Lonp1	0
Lonp2	Lonp2	0
Loxl3	Loxl3	0
Lpar4	Lpar4	0
Lpar6	Lpar6	0
Lpcat1	Lpcat1	0
Lpgat1	Lpgat1	0
Lphn2	Lphn2	0
Lphn3	Lphn3	0
Lpin1	Lpin1	0
Lpin2	Lpin2	0
Lpl	Lpl	0
Lpp	Lpp	0
Lrba	Lrba	0
Lrch1	Lrch1	0
Lrch2	Lrch2	0
Lrdd	Lrdd	0
Lrif1	Lrif1	0
Lrig1	Lrig1	0
Lrig2	Lrig2	0
Lrp1	Lrp1	0
Lrp11	Lrp11	0
Lrp12	Lrp12	0
Lrp3	Lrp3	0
Lrp4	Lrp4	0
Lrp8	Lrp8	0
Lrpap1	Lrpap1	0
Lrpprc	Lrpprc	0
Lrr1	Lrr1	0
Lrrc16a	Lrrc16a	0
Lrrc40	Lrrc40	0
Lrrc41	Lrrc41	0
Lrrc42	Lrrc42	0
Lrrc49	Lrrc49	0
Lrrc51	Lrrc51	0
Lrrc57	Lrrc57	0
Lrrc59	Lrrc59	0
Lrrc8d	Lrrc8d	0
Lrrc9	Lrrc9	0
Lrrn1	Lrrn1	0
Lrrtm1	Lrrtm1	0
Lrrtm2	Lrrtm2	0
Lrrtm4	Lrrtm4	0
Lrwd1	Lrwd1	0
Lsg1	Lsg1	0
Lsm1	Lsm1	0
Lsm10	Lsm10	0
Lsm14b	Lsm14b	0
Lsm4	Lsm4	0
Lsmd1	Lsmd1	0
Ltbp3	Ltbp3	0
Ltv1	Ltv1	0
Luzp1	Luzp1	0
Ly6e	Ly6e	0
Lyar	Lyar	0
Lypla1	Lypla1	0
Lyrm1	Lyrm1	0
Lyrm2	Lyrm2	0
Lyrm5	Lyrm5	0
Lyrm9	Lyrm9	0
Lysmd2	Lysmd2	0
Lzic	Lzic	0
Lztfl1	Lztfl1	0
Lztr1	Lztr1	0
M6pr	M6pr	0
Mad1l1	Mad1l1	0
Mad2l2	Mad2l2	0
Mafg	Mafg	0
Maged1	Maged1	0
Maged2	Maged2	0
Mageh1	Mageh1	0
Magi2	Magi2	0
Magi3	Magi3	0
Maml1	Maml1	0
Man1a2	Man1a2	0
Man1b1	Man1b1	0
Man2a1	Man2a1	0
Man2a2	Man2a2	0
Man2c1	Man2c1	0
Manea	Manea	0
Maoa	Maoa	0
Maob	Maob	0
Map1b	Map1b	0
Map1lc3a	Map1lc3a	0
Map2k1	Map2k1	0
Map2k2	Map2k2	0
Map2k3	Map2k3	0
Map2k4	Map2k4	0
Map2k5	Map2k5	0
Map2k6	Map2k6	0
Map2k7	Map2k7	0
Map3k12	Map3k12	0
Map3k2	Map3k2	0
Map3k3	Map3k3	0
Map3k4	Map3k4	0
Map3k7	Map3k7	0
Map4k3	Map4k3	0
Map4k5	Map4k5	0
Map7d1	Map7d1	0
Map7d2	Map7d2	0
Map9	Map9	0
Mapk10	Mapk10	0
Mapk11	Mapk11	0
Mapk14	Mapk14	0
Mapk1ip1	Mapk1ip1	0
Mapk3	Mapk3	0
Mapk6	Mapk6	0
Mapk7	Mapk7	0
Mapk8ip2	Mapk8ip2	0
Mapk9	Mapk9	0
Mapkapk5	Mapkapk5	0
March2	March2	0
March6	March6	0
March8	March8	0
Mark2	Mark2	0
Mark3	Mark3	0
Mars	Mars	0
Mars2	Mars2	0
Mastl	Mastl	0
Max	Max	0
Mbd2	Mbd2	0
Mbd3	Mbd3	0
Mbd4	Mbd4	0
Mbd5	Mbd5	0
Mbd6	Mbd6	0
Mbip	Mbip	0
Mboat7	Mboat7	0
Mbtd1	Mbtd1	0
Mcc	Mcc	0
Mccc2	Mccc2	0
Mcee	Mcee	0
Mcf2l	Mcf2l	0
Mcfd2	Mcfd2	0
Mcm2	Mcm2	0
Mcm3	Mcm3	0
Mcm3ap	Mcm3ap	0
Mcm6	Mcm6	0
Mcm8	Mcm8	0
Mcph1	Mcph1	0
Mcrs1	Mcrs1	0
Mcts1	Mcts1	0
Mcts2	Mcts2	0
Mcu	Mcu	0
Mdc1	Mdc1	0
Mdga1	Mdga1	0
Mdga2	Mdga2	0
Mdm1	Mdm1	0
Mdm4	Mdm4	0
Mdn1	Mdn1	0
Mdp1	Mdp1	0
Me2	Me2	0
Me3	Me3	0
Mecr	Mecr	0
Med12	Med12	0
Med12l	Med12l	0
Med14	Med14	0
Med15	Med15	0
Med16	Med16	0
Med17	Med17	0
Med20	Med20	0
Med21	Med21	0
Med23	Med23	0
Med24	Med24	0
Med27	Med27	0
Med29	Med29	0
Med30	Med30	0
Med31	Med31	0
Med4	Med4	0
Med6	Med6	0
Med9	Med9	0
Mef2c	Mef2c	0
Meg3	Meg3	0
Megf10	Megf10	0
Megf8	Megf8	0
Megf9	Megf9	0
Meis1	Meis1	0
Meis2	Meis2	0
Meis3	Meis3	0
Melk	Melk	0
Memo1	Memo1	0
Men1	Men1	0
Mepce	Mepce	0
Mertk	Mertk	0
Mesdc2	Mesdc2	0
Mest	Mest	0
Metap1	Metap1	0
Mettl10	Mettl10	0
Mettl14	Mettl14	0
Mettl15	Mettl15	0
Mettl16	Mettl16	0
Mettl17	Mettl17	0
Mettl20	Mettl20	0
Mettl23	Mettl23	0
Mettl3	Mettl3	0
Mettl4	Mettl4	0
Mettl5	Mettl5	0
Mettl6	Mettl6	0
Mettl7a1	Mettl7a1	0
Mex3b	Mex3b	0
Mex3c	Mex3c	0
Mfap1a	Mfap1a	0
Mfap1b	Mfap1b	0
Mfap3	Mfap3	0
Mfap4	Mfap4	0
Mff	Mff	0
Mfhas1	Mfhas1	0
Mfn1	Mfn1	0
Mfn2	Mfn2	0
Mfng	Mfng	0
Mfsd1	Mfsd1	0
Mfsd10	Mfsd10	0
Mfsd11	Mfsd11	0
Mfsd2a	Mfsd2a	0
Mfsd4	Mfsd4	0
Mfsd7b	Mfsd7b	0
Mfsd8	Mfsd8	0
Mgat4b	Mgat4b	0
Mgll	Mgll	0
Mgme1	Mgme1	0
Mgst3	Mgst3	0
Mib1	Mib1	0
Mical1	Mical1	0
Mical2	Mical2	0
Mical3	Mical3	0
Micall1	Micall1	0
Micu1	Micu1	0
Mid1	Mid1	0
Mid1ip1	Mid1ip1	0
Mier1	Mier1	0
Mier3	Mier3	0
Miip	Miip	0
Minpp1	Minpp1	0
Mios	Mios	0
Mipol1	Mipol1	0
Mir135a.2	Mir135a.2	0
Mir17hg	Mir17hg	0
Mir3064	Mir3064	0
Mir326	Mir326	0
Mir5128	Mir5128	0
Mir568	Mir568	0
Mis12	Mis12	0
Mitd1	Mitd1	0
Mki67ip	Mki67ip	0
Mkl2	Mkl2	0
Mknk2	Mknk2	0
Mkrn1	Mkrn1	0
Mkrn2	Mkrn2	0
Mlec	Mlec	0
Mlf1	Mlf1	0
Mlf1ip	Mlf1ip	0
Mlh1	Mlh1	0
Mlh3	Mlh3	0
Mllt1	Mllt1	0
Mllt3	Mllt3	0
Mllt6	Mllt6	0
Mlst8	Mlst8	0
Mlx	Mlx	0
Mlxip	Mlxip	0
Mmaa	Mmaa	0
Mmab	Mmab	0
Mmachc	Mmachc	0
Mmgt2	Mmgt2	0
Mmp14	Mmp14	0
Mmp16	Mmp16	0
Mms19	Mms19	0
Mms22l	Mms22l	0
Mnat1	Mnat1	0
Mns1	Mns1	0
Mnt	Mnt	0
Mob1b	Mob1b	0
Mob2	Mob2	0
Mob3a	Mob3a	0
Mob3b	Mob3b	0
Mocs2	Mocs2	0
Mon1b	Mon1b	0
Mon2	Mon2	0
Morc2a	Morc2a	0
Morc3	Morc3	0
Morf4l1	Morf4l1	0
Morn2	Morn2	0
Morn4	Morn4	0
Mospd1	Mospd1	0
Mospd2	Mospd2	0
Mospd3	Mospd3	0
Mpdu1	Mpdu1	0
Mpdz	Mpdz	0
Mphosph10	Mphosph10	0
Mphosph9	Mphosph9	0
Mpi	Mpi	0
Mplkip	Mplkip	0
Mpnd	Mpnd	0
Mpp3	Mpp3	0
Mpp6	Mpp6	0
Mpp7	Mpp7	0
Mpped2	Mpped2	0
Mprip	Mprip	0
Mpv17	Mpv17	0
Mpzl1	Mpzl1	0
Mre11a	Mre11a	0
Mrgbp	Mrgbp	0
Mro	Mro	0
Mrpl1	Mrpl1	0
Mrpl10	Mrpl10	0
Mrpl11	Mrpl11	0
Mrpl14	Mrpl14	0
Mrpl16	Mrpl16	0
Mrpl19	Mrpl19	0
Mrpl2	Mrpl2	0
Mrpl21	Mrpl21	0
Mrpl3	Mrpl3	0
Mrpl32	Mrpl32	0
Mrpl34	Mrpl34	0
Mrpl37	Mrpl37	0
Mrpl38	Mrpl38	0
Mrpl39	Mrpl39	0
Mrpl4	Mrpl4	0
Mrpl43	Mrpl43	0
Mrpl44	Mrpl44	0
Mrpl45	Mrpl45	0
Mrpl46	Mrpl46	0
Mrpl48	Mrpl48	0
Mrpl49	Mrpl49	0
Mrpl50	Mrpl50	0
Mrpl52	Mrpl52	0
Mrpl9	Mrpl9	0
Mrps10	Mrps10	0
Mrps11	Mrps11	0
Mrps12	Mrps12	0
Mrps16	Mrps16	0
Mrps18a	Mrps18a	0
Mrps18b	Mrps18b	0
Mrps18c	Mrps18c	0
Mrps2	Mrps2	0
Mrps21	Mrps21	0
Mrps22	Mrps22	0
Mrps23	Mrps23	0
Mrps24	Mrps24	0
Mrps25	Mrps25	0
Mrps27	Mrps27	0
Mrps30	Mrps30	0
Mrps31	Mrps31	0
Mrps33	Mrps33	0
Mrps34	Mrps34	0
Mrps36	Mrps36	0
Mrps5	Mrps5	0
Mrps6	Mrps6	0
Mrps7	Mrps7	0
Mrps9	Mrps9	0
Mrrf	Mrrf	0
Mrto4	Mrto4	0
Msantd2	Msantd2	0
Msantd3	Msantd3	0
Msantd4	Msantd4	0
Msh2	Msh2	0
Msh3	Msh3	0
Msh6	Msh6	0
Msl2	Msl2	0
Msl3	Msl3	0
Msn	Msn	0
Msra	Msra	0
Msto1	Msto1	0
Mta2	Mta2	0
Mtap	Mtap	0
Mtbp	Mtbp	0
Mtcp1	Mtcp1	0
Mterfd1	Mterfd1	0
Mterfd3	Mterfd3	0
Mtf1	Mtf1	0
Mtfr1	Mtfr1	0
Mtg1	Mtg1	0
Mthfd2	Mthfd2	0
Mthfs	Mthfs	0
Mtif2	Mtif2	0
Mtif3	Mtif3	0
Mtm1	Mtm1	0
Mtmr10	Mtmr10	0
Mtmr11	Mtmr11	0
Mtmr12	Mtmr12	0
Mtmr14	Mtmr14	0
Mtmr3	Mtmr3	0
Mtmr4	Mtmr4	0
Mtmr6	Mtmr6	0
Mtor	Mtor	0
Mtpap	Mtpap	0
Mtpn	Mtpn	0
Mtr	Mtr	0
Mtrf1	Mtrf1	0
Mtrf1l	Mtrf1l	0
Mtrr	Mtrr	0
Mtss1l	Mtss1l	0
Mttp	Mttp	0
Mtx1	Mtx1	0
Mtx2	Mtx2	0
Mtx3	Mtx3	0
Mum1	Mum1	0
Mus81	Mus81	0
Mut	Mut	0
Mutyh	Mutyh	0
Mvb12a	Mvb12a	0
Mvb12b	Mvb12b	0
Mvd	Mvd	0
Mxi1	Mxi1	0
Myadm	Myadm	0
Myb	Myb	0
Mybbp1a	Mybbp1a	0
Mybl1	Mybl1	0
Mybl2	Mybl2	0
Mycbp	Mycbp	0
Mycl1	Mycl1	0
Mycn	Mycn	0
Myl6	Myl6	0
Mynn	Mynn	0
Myo18a	Myo18a	0
Myo19	Myo19	0
Myo1b	Myo1b	0
Myo5a	Myo5a	0
Myo9a	Myo9a	0
Mysm1	Mysm1	0
Myt1	Myt1	0
Mzt1	Mzt1	0
Mzt2	Mzt2	0
N4bp1	N4bp1	0
N4bp2	N4bp2	0
N6amt2	N6amt2	0
Naa10	Naa10	0
Naa20	Naa20	0
Naa30	Naa30	0
Naa35	Naa35	0
Naa40	Naa40	0
Naa60	Naa60	0
Naaa	Naaa	0
Nab1	Nab1	0
Nacc2	Nacc2	0
Nadk	Nadk	0
Nadkd1	Nadkd1	0
Nae1	Nae1	0
Nampt	Nampt	0
Nans	Nans	0
Nap1l5	Nap1l5	0
Napa	Napa	0
Napb	Napb	0
Narfl	Narfl	0
Narg2	Narg2	0
Nat6	Nat6	0
Nat8l	Nat8l	0
Nbas	Nbas	0
Nbea	Nbea	0
Nbl1	Nbl1	0
Nbr1	Nbr1	0
Ncald	Ncald	0
Ncapg2	Ncapg2	0
Ncaph	Ncaph	0
Ncaph2	Ncaph2	0
Ncbp2	Ncbp2	0
Ncdn	Ncdn	0
Nck1	Nck1	0
Nck2	Nck2	0
Nckap1	Nckap1	0
Ncln	Ncln	0
Ncoa3	Ncoa3	0
Ncoa5	Ncoa5	0
Ncoa6	Ncoa6	0
Ncoa7	Ncoa7	0
Ncor2	Ncor2	0
Ncs1	Ncs1	0
Ncstn	Ncstn	0
Nde1	Nde1	0
Ndel1	Ndel1	0
Ndfip1	Ndfip1	0
Ndfip2	Ndfip2	0
Ndn	Ndn	0
Ndnl2	Ndnl2	0
Ndor1	Ndor1	0
Ndp	Ndp	0
Ndrg3	Ndrg3	0
Ndst1	Ndst1	0
Ndst2	Ndst2	0
Ndufa9	Ndufa9	0
Ndufab1	Ndufab1	0
Ndufaf2	Ndufaf2	0
Ndufaf3	Ndufaf3	0
Ndufaf5	Ndufaf5	0
Ndufaf6	Ndufaf6	0
Ndufaf7	Ndufaf7	0
Ndufb2	Ndufb2	0
Ndufs1	Ndufs1	0
Ndufs2	Ndufs2	0
Ndufs8	Ndufs8	0
Ndufv3	Ndufv3	0
Neat1	Neat1	0
Nebl	Nebl	0
Necab3	Necab3	0
Necap1	Necap1	0
Nedd4l	Nedd4l	0
Nedd9	Nedd9	0
Negr1	Negr1	0
Nek1	Nek1	0
Nek2	Nek2	0
Nek6	Nek6	0
Nek7	Nek7	0
Nek9	Nek9	0
Nelfa	Nelfa	0
Nelfcd	Nelfcd	0
Nelfe	Nelfe	0
Nemf	Nemf	0
Nenf	Nenf	0
Neo1	Neo1	0
Nes	Nes	0
Nespas	Nespas	0
Neto2	Neto2	0
Neurl1b	Neurl1b	0
Neurl4	Neurl4	0
Nf1	Nf1	0
Nf2	Nf2	0
Nfat5	Nfat5	0
Nfatc3	Nfatc3	0
Nfkb1	Nfkb1	0
Nfkbia	Nfkbia	0
Nfs1	Nfs1	0
Nfu1	Nfu1	0
Nfxl1	Nfxl1	0
Nfyc	Nfyc	0
Ngef	Ngef	0
Ngly1	Ngly1	0
Nhlrc2	Nhlrc2	0
Nicn1	Nicn1	0
Nif3l1	Nif3l1	0
Nin	Nin	0
Ninl	Ninl	0
Nip7	Nip7	0
Nipa1	Nipa1	0
Nipa2	Nipa2	0
Nipsnap1	Nipsnap1	0
Nit2	Nit2	0
Nkain1	Nkain1	0
Nkap	Nkap	0
Nkiras1	Nkiras1	0
Nkx2.2	Nkx2.2	0
Nlgn1	Nlgn1	0
Nlgn2	Nlgn2	0
Nln	Nln	0
Nmd3	Nmd3	0
Nme3	Nme3	0
Nme4	Nme4	0
Nme5	Nme5	0
Nme6	Nme6	0
Nmt2	Nmt2	0
Noa1	Noa1	0
Nob1	Nob1	0
Noc4l	Noc4l	0
Nol12	Nol12	0
Nol4	Nol4	0
Nol6	Nol6	0
Nol8	Nol8	0
Nol9	Nol9	0
Nom1	Nom1	0
Nomo1	Nomo1	0
Nop14	Nop14	0
Nop16	Nop16	0
Nop2	Nop2	0
Nosip	Nosip	0
Nova2	Nova2	0
Npas2	Npas2	0
Npat	Npat	0
Npc1	Npc1	0
Npepl1	Npepl1	0
Npepps	Npepps	0
Nphp1	Nphp1	0
Nphp3	Nphp3	0
Npl	Npl	0
Nprl2	Nprl2	0
Nprl3	Nprl3	0
Nqo2	Nqo2	0
Nr1d1	Nr1d1	0
Nr1d2	Nr1d2	0
Nr1h2	Nr1h2	0
Nr2c1	Nr2c1	0
Nr2c2	Nr2c2	0
Nr2f1	Nr2f1	0
Nr2f2	Nr2f2	0
Nr3c1	Nr3c1	0
Nr4a2	Nr4a2	0
Nrarp	Nrarp	0
Nrbp1	Nrbp1	0
Nrbp2	Nrbp2	0
Nrd1	Nrd1	0
Nrde2	Nrde2	0
Nrep	Nrep	0
Nrf1	Nrf1	0
Nrg1	Nrg1	0
Nrip1	Nrip1	0
Nrip3	Nrip3	0
Nrp1	Nrp1	0
Nrxn2	Nrxn2	0
Nsa2	Nsa2	0
Nsdhl	Nsdhl	0
Nsf	Nsf	0
Nsl1	Nsl1	0
Nsmaf	Nsmaf	0
Nsmce1	Nsmce1	0
Nsmce4a	Nsmce4a	0
Nsun2	Nsun2	0
Nsun4	Nsun4	0
Nsun6	Nsun6	0
Nt5c	Nt5c	0
Nt5c2	Nt5c2	0
Nt5c3	Nt5c3	0
Nt5dc2	Nt5dc2	0
Nt5m	Nt5m	0
Ntan1	Ntan1	0
Ntmt1	Ntmt1	0
Ntn1	Ntn1	0
Nub1	Nub1	0
Nubp2	Nubp2	0
Nucb1	Nucb1	0
Nucb2	Nucb2	0
Nudcd1	Nudcd1	0
Nudcd3	Nudcd3	0
Nudt1	Nudt1	0
Nudt10	Nudt10	0
Nudt11	Nudt11	0
Nudt13	Nudt13	0
Nudt16l1	Nudt16l1	0
Nudt19	Nudt19	0
Nudt21	Nudt21	0
Nudt22	Nudt22	0
Nudt4	Nudt4	0
Nudt5	Nudt5	0
Numb	Numb	0
Nup107	Nup107	0
Nup133	Nup133	0
Nup155	Nup155	0
Nup188	Nup188	0
Nup205	Nup205	0
Nup210	Nup210	0
Nup214	Nup214	0
Nup35	Nup35	0
Nup43	Nup43	0
Nup54	Nup54	0
Nup62	Nup62	0
Nup93	Nup93	0
Nup98	Nup98	0
Nupl1	Nupl1	0
Nupl2	Nupl2	0
Nus1	Nus1	0
Nutf2	Nutf2	0
Nwd1	Nwd1	0
Nxf1	Nxf1	0
Nxn	Nxn	0
Nxt1	Nxt1	0
Nxt2	Nxt2	0
Oaf	Oaf	0
Oaz2	Oaz2	0
Ocel1	Ocel1	0
Ociad1	Ociad1	0
Ocrl	Ocrl	0
Odf2l	Odf2l	0
Ogfod1	Ogfod1	0
Ogfrl1	Ogfrl1	0
Ogn	Ogn	0
Oip5	Oip5	0
Ola1	Ola1	0
Olfm1	Olfm1	0
Olfm2	Olfm2	0
Olig1	Olig1	0
Oma1	Oma1	0
Opa1	Opa1	0
Opa3	Opa3	0
Ophn1	Ophn1	0
Orc1	Orc1	0
Orc5	Orc5	0
Orc6	Orc6	0
Ormdl1	Ormdl1	0
Ormdl2	Ormdl2	0
Osbp	Osbp	0
Osbpl11	Osbpl11	0
Osbpl1a	Osbpl1a	0
Osbpl2	Osbpl2	0
Osbpl6	Osbpl6	0
Osbpl8	Osbpl8	0
Osbpl9	Osbpl9	0
Oscp1	Oscp1	0
Osgep	Osgep	0
Osgepl1	Osgepl1	0
Ostc	Ostc	0
Ostm1	Ostm1	0
Otud5	Otud5	0
Otud6b	Otud6b	0
Otud7b	Otud7b	0
Otx1	Otx1	0
Ovca2	Ovca2	0
Oxa1l	Oxa1l	0
Oxr1	Oxr1	0
Oxsr1	Oxsr1	0
P4ha1	P4ha1	0
P4hb	P4hb	0
Pabpc4l	Pabpc4l	0
Pacrg	Pacrg	0
Pacs1	Pacs1	0
Pacs2	Pacs2	0
Pacsin2	Pacsin2	0
Pacsin3	Pacsin3	0
Paf1	Paf1	0
Pafah1b3	Pafah1b3	0
Pag1	Pag1	0
Pagr1a	Pagr1a	0
Paics	Paics	0
Paip2b	Paip2b	0
Pak1	Pak1	0
Pak2	Pak2	0
Palb2	Palb2	0
Palm	Palm	0
Pan2	Pan2	0
Pank1	Pank1	0
Pank2	Pank2	0
Pank3	Pank3	0
Papd4	Papd4	0
Papd5	Papd5	0
Papd7	Papd7	0
Papolg	Papolg	0
Papss1	Papss1	0
Papss2	Papss2	0
Paqr8	Paqr8	0
Pard3	Pard3	0
Pard3b	Pard3b	0
Pard6a	Pard6a	0
Pard6g	Pard6g	0
Parg	Parg	0
Park2	Park2	0
Parl	Parl	0
Parn	Parn	0
Parp12	Parp12	0
Parp4	Parp4	0
Parp6	Parp6	0
Parp8	Parp8	0
Parpbp	Parpbp	0
Parva	Parva	0
Patl1	Patl1	0
Patz1	Patz1	0
Paxip1	Paxip1	0
Pbdc1	Pbdc1	0
Pbxip1	Pbxip1	0
Pcbd1	Pcbd1	0
Pcbp4	Pcbp4	0
Pcca	Pcca	0
Pccb	Pccb	0
Pcdh11x	Pcdh11x	0
Pcdh17	Pcdh17	0
Pcdh18	Pcdh18	0
Pcdh9	Pcdh9	0
Pcdhb17	Pcdhb17	0
Pcdhga11	Pcdhga11	0
Pcdhgc3	Pcdhgc3	0
Pced1a	Pced1a	0
Pcgf1	Pcgf1	0
Pcgf6	Pcgf6	0
Pcid2	Pcid2	0
Pcif1	Pcif1	0
Pck2	Pck2	0
Pcm1	Pcm1	0
Pcmt1	Pcmt1	0
Pcmtd1	Pcmtd1	0
Pcmtd2	Pcmtd2	0
Pcnx	Pcnx	0
Pcnxl3	Pcnxl3	0
Pcnxl4	Pcnxl4	0
Pcsk7	Pcsk7	0
Pcx	Pcx	0
Pcyox1l	Pcyox1l	0
Pcyt1a	Pcyt1a	0
Pcyt2	Pcyt2	0
Pdcd11	Pdcd11	0
Pdcd2l	Pdcd2l	0
Pdcd5	Pdcd5	0
Pdcd6ip	Pdcd6ip	0
Pdcd7	Pdcd7	0
Pdcl	Pdcl	0
Pdcl3	Pdcl3	0
Pde12	Pde12	0
Pde3b	Pde3b	0
Pde4b	Pde4b	0
Pde4dip	Pde4dip	0
Pde5a	Pde5a	0
Pde6d	Pde6d	0
Pde7a	Pde7a	0
Pde7b	Pde7b	0
Pdgfrb	Pdgfrb	0
Pdgfrl	Pdgfrl	0
Pdha1	Pdha1	0
Pdhx	Pdhx	0
Pdia6	Pdia6	0
Pdik1l	Pdik1l	0
Pdk2	Pdk2	0
Pdk4	Pdk4	0
Pdlim1	Pdlim1	0
Pdlim4	Pdlim4	0
Pdlim7	Pdlim7	0
Pdp2	Pdp2	0
Pdpk1	Pdpk1	0
Pdrg1	Pdrg1	0
Pdss1	Pdss1	0
Pdss2	Pdss2	0
Pdxdc1	Pdxdc1	0
Pdxp	Pdxp	0
Pdzd11	Pdzd11	0
Pdzd8	Pdzd8	0
Pecr	Pecr	0
Pef1	Pef1	0
Peg12	Peg12	0
Peg13	Peg13	0
Peg3	Peg3	0
Peli2	Peli2	0
Pelp1	Pelp1	0
Pemt	Pemt	0
Peo1	Peo1	0
Pepd	Pepd	0
Per2	Per2	0
Per3	Per3	0
Pes1	Pes1	0
Pet100	Pet100	0
Pet112	Pet112	0
Pex1	Pex1	0
Pex11b	Pex11b	0
Pex13	Pex13	0
Pex14	Pex14	0
Pex16	Pex16	0
Pex19	Pex19	0
Pex2	Pex2	0
Pex3	Pex3	0
Pex5	Pex5	0
Pex6	Pex6	0
Pfdn2	Pfdn2	0
Pfkfb2	Pfkfb2	0
Pfkm	Pfkm	0
Pfkp	Pfkp	0
Pgam1	Pgam1	0
Pgam5	Pgam5	0
Pggt1b	Pggt1b	0
Pgk1	Pgk1	0
Pgm2l1	Pgm2l1	0
Pgm3	Pgm3	0
Pgp	Pgp	0
Pgpep1	Pgpep1	0
Pgrmc1	Pgrmc1	0
Pgrmc2	Pgrmc2	0
Pgs1	Pgs1	0
Phactr2	Phactr2	0
Phactr3	Phactr3	0
Phactr4	Phactr4	0
Phax	Phax	0
Phb	Phb	0
Phc1	Phc1	0
Phf10	Phf10	0
Phf12	Phf12	0
Phf14	Phf14	0
Phf17	Phf17	0
Phf2	Phf2	0
Phf21a	Phf21a	0
Phf23	Phf23	0
Phf8	Phf8	0
Phka2	Phka2	0
Phkg1	Phkg1	0
Phldb1	Phldb1	0
Phldb2	Phldb2	0
Phlpp1	Phlpp1	0
Phlpp2	Phlpp2	0
Phospho2	Phospho2	0
Phrf1	Phrf1	0
Phtf1	Phtf1	0
Phtf2	Phtf2	0
Phyh	Phyh	0
Phyhd1	Phyhd1	0
Pi4k2a	Pi4k2a	0
Pi4k2b	Pi4k2b	0
Pi4kb	Pi4kb	0
Pias1	Pias1	0
Pias2	Pias2	0
Pias3	Pias3	0
Pibf1	Pibf1	0
Pid1	Pid1	0
Pif1	Pif1	0
Piga	Piga	0
Pigk	Pigk	0
Pigl	Pigl	0
Pigm	Pigm	0
Pigp	Pigp	0
Pigs	Pigs	0
Pigu	Pigu	0
Pigx	Pigx	0
Pigyl	Pigyl	0
Pih1d1	Pih1d1	0
Pik3c2b	Pik3c2b	0
Pik3c3	Pik3c3	0
Pik3ip1	Pik3ip1	0
Pik3r1	Pik3r1	0
Pik3r2	Pik3r2	0
Pik3r3	Pik3r3	0
Pik3r4	Pik3r4	0
Pim3	Pim3	0
Pink1	Pink1	0
Pinx1	Pinx1	0
Pion	Pion	0
Pip4k2a	Pip4k2a	0
Pip5k1a	Pip5k1a	0
Pip5k1b	Pip5k1b	0
Pip5k1c	Pip5k1c	0
Pipox	Pipox	0
Pisd	Pisd	0
Pithd1	Pithd1	0
Pitpna	Pitpna	0
Pitpnb	Pitpnb	0
Pitrm1	Pitrm1	0
Pja1	Pja1	0
Pkd1	Pkd1	0
Pkig	Pkig	0
Pknox1	Pknox1	0
Pknox2	Pknox2	0
Pkp4	Pkp4	0
Pla2g16	Pla2g16	0
Pla2g4b	Pla2g4b	0
Pla2g4c	Pla2g4c	0
Pla2g6	Pla2g6	0
Plaa	Plaa	0
Plagl1	Plagl1	0
Plagl2	Plagl2	0
Plb1	Plb1	0
Plbd2	Plbd2	0
Plcb1	Plcb1	0
Plcd1	Plcd1	0
Plcd4	Plcd4	0
Plcg1	Plcg1	0
Pld2	Pld2	0
Pld3	Pld3	0
Plec	Plec	0
Plekha1	Plekha1	0
Plekha3	Plekha3	0
Plekha5	Plekha5	0
Plekha8	Plekha8	0
Plekhb1	Plekhb1	0
Plekhb2	Plekhb2	0
Plekhf2	Plekhf2	0
Plekhg1	Plekhg1	0
Plekhj1	Plekhj1	0
Plekho1	Plekho1	0
Plgrkt	Plgrkt	0
Plin2	Plin2	0
Plin3	Plin3	0
Plk1	Plk1	0
Plk1s1	Plk1s1	0
Plk4	Plk4	0
Plod2	Plod2	0
Plp2	Plp2	0
Plrg1	Plrg1	0
Pls1	Pls1	0
Pls3	Pls3	0
Pltp	Pltp	0
Plxna3	Plxna3	0
Plxnb2	Plxnb2	0
Plxnc1	Plxnc1	0
Pmepa1	Pmepa1	0
Pmm2	Pmm2	0
Pmp22	Pmp22	0
Pmpca	Pmpca	0
Pmpcb	Pmpcb	0
Pms2	Pms2	0
Pmvk	Pmvk	0
Pnkd	Pnkd	0
Pnkp	Pnkp	0
Pno1	Pno1	0
Pnp	Pnp	0
Pnpla2	Pnpla2	0
Pnpla7	Pnpla7	0
Pnpla8	Pnpla8	0
Pnpt1	Pnpt1	0
Pnrc1	Pnrc1	0
Pnrc2	Pnrc2	0
Poc5	Poc5	0
Pofut1	Pofut1	0
Pofut2	Pofut2	0
Pogk	Pogk	0
Poglut1	Poglut1	0
Pola2	Pola2	0
Polb	Polb	0
Pold1	Pold1	0
Pold2	Pold2	0
Poldip2	Poldip2	0
Pole	Pole	0
Pole2	Pole2	0
Pole3	Pole3	0
Polg	Polg	0
Polg2	Polg2	0
Polh	Polh	0
Polk	Polk	0
Polq	Polq	0
Polr1a	Polr1a	0
Polr1b	Polr1b	0
Polr1c	Polr1c	0
Polr2a	Polr2a	0
Polr2c	Polr2c	0
Polr2d	Polr2d	0
Polr2i	Polr2i	0
Polr3a	Polr3a	0
Polr3b	Polr3b	0
Polr3c	Polr3c	0
Polr3e	Polr3e	0
Polr3f	Polr3f	0
Polr3g	Polr3g	0
Polr3h	Polr3h	0
Polrmt	Polrmt	0
Pom121	Pom121	0
Pomgnt1	Pomgnt1	0
Pomt1	Pomt1	0
Pon2	Pon2	0
Pop1	Pop1	0
Pop4	Pop4	0
Pop5	Pop5	0
Pop7	Pop7	0
Por	Por	0
Porcn	Porcn	0
Pot1a	Pot1a	0
Pot1b	Pot1b	0
Pou3f4	Pou3f4	0
Pou6f1	Pou6f1	0
Ppa2	Ppa2	0
Ppan	Ppan	0
Ppapdc1b	Ppapdc1b	0
Ppargc1a	Ppargc1a	0
Ppat	Ppat	0
Ppcdc	Ppcdc	0
Ppfia1	Ppfia1	0
Ppfia2	Ppfia2	0
Ppfibp1	Ppfibp1	0
Ppfibp2	Ppfibp2	0
Pphln1	Pphln1	0
Ppia	Ppia	0
Ppic	Ppic	0
Ppid	Ppid	0
Ppie	Ppie	0
Ppif	Ppif	0
Ppih	Ppih	0
Ppil3	Ppil3	0
Ppip5k2	Ppip5k2	0
Ppm1b	Ppm1b	0
Ppm1d	Ppm1d	0
Ppm1e	Ppm1e	0
Ppm1g	Ppm1g	0
Ppm1l	Ppm1l	0
Ppme1	Ppme1	0
Ppox	Ppox	0
Ppp1cc	Ppp1cc	0
Ppp1r10	Ppp1r10	0
Ppp1r11	Ppp1r11	0
Ppp1r12b	Ppp1r12b	0
Ppp1r12c	Ppp1r12c	0
Ppp1r15a	Ppp1r15a	0
Ppp1r15b	Ppp1r15b	0
Ppp1r16a	Ppp1r16a	0
Ppp1r1a	Ppp1r1a	0
Ppp1r1b	Ppp1r1b	0
Ppp1r2	Ppp1r2	0
Ppp1r21	Ppp1r21	0
Ppp1r3c	Ppp1r3c	0
Ppp1r7	Ppp1r7	0
Ppp1r8	Ppp1r8	0
Ppp2ca	Ppp2ca	0
Ppp2cb	Ppp2cb	0
Ppp2r1a	Ppp2r1a	0
Ppp2r1b	Ppp2r1b	0
Ppp2r2d	Ppp2r2d	0
Ppp2r3a	Ppp2r3a	0
Ppp2r3c	Ppp2r3c	0
Ppp2r4	Ppp2r4	0
Ppp2r5a	Ppp2r5a	0
Ppp2r5c	Ppp2r5c	0
Ppp2r5e	Ppp2r5e	0
Ppp4c	Ppp4c	0
Ppp4r1l.ps	Ppp4r1l.ps	0
Ppp4r2	Ppp4r2	0
Ppp5c	Ppp5c	0
Ppp6c	Ppp6c	0
Ppp6r1	Ppp6r1	0
Ppp6r3	Ppp6r3	0
Ppt2	Ppt2	0
Pptc7	Pptc7	0
Praf2	Praf2	0
Prcc	Prcc	0
Prdm10	Prdm10	0
Prdm15	Prdm15	0
Prdm16	Prdm16	0
Prdm2	Prdm2	0
Prdm4	Prdm4	0
Prdm5	Prdm5	0
Prdx5	Prdx5	0
Prelid1	Prelid1	0
Prep	Prep	0
Prepl	Prepl	0
Prex1	Prex1	0
Prim1	Prim1	0
Prim2	Prim2	0
Prkaa1	Prkaa1	0
Prkaa2	Prkaa2	0
Prkab1	Prkab1	0
Prkag1	Prkag1	0
Prkar2b	Prkar2b	0
Prkcb	Prkcb	0
Prkcdbp	Prkcdbp	0
Prkci	Prkci	0
Prkd1	Prkd1	0
Prkd3	Prkd3	0
Prkdc	Prkdc	0
Prkra	Prkra	0
Prkrir	Prkrir	0
Prmt10	Prmt10	0
Prmt3	Prmt3	0
Prmt5	Prmt5	0
Prmt6	Prmt6	0
Prmt7	Prmt7	0
Prodh	Prodh	0
Prom1	Prom1	0
Prorsd1	Prorsd1	0
Prosapip1	Prosapip1	0
Prosc	Prosc	0
Proser1	Proser1	0
Prox1	Prox1	0
Prpf18	Prpf18	0
Prpf31	Prpf31	0
Prpf38a	Prpf38a	0
Prpf4	Prpf4	0
Prpf40a	Prpf40a	0
Prpf40b	Prpf40b	0
Prpf6	Prpf6	0
Prps1	Prps1	0
Prps1l3	Prps1l3	0
Prps2	Prps2	0
Prpsap1	Prpsap1	0
Prpsap2	Prpsap2	0
Prr11	Prr11	0
Prr13	Prr13	0
Prr14	Prr14	0
Prr14l	Prr14l	0
Prr3	Prr3	0
Prrc1	Prrc1	0
Prrc2b	Prrc2b	0
Prrx1	Prrx1	0
Prss23	Prss23	0
Prss56	Prss56	0
Psat1	Psat1	0
Psd	Psd	0
Psd2	Psd2	0
Psd3	Psd3	0
Psen1	Psen1	0
Psen2	Psen2	0
Psenen	Psenen	0
Psma5	Psma5	0
Psmc3	Psmc3	0
Psmc3ip	Psmc3ip	0
Psmc5	Psmc5	0
Psmd1	Psmd1	0
Psmd10	Psmd10	0
Psmd13	Psmd13	0
Psmd3	Psmd3	0
Psmd5	Psmd5	0
Psmd9	Psmd9	0
Psme3	Psme3	0
Psmf1	Psmf1	0
Psmg3	Psmg3	0
Pspc1	Pspc1	0
Psph	Psph	0
Pstk	Pstk	0
Ptar1	Ptar1	0
Ptbp2	Ptbp2	0
Ptbp3	Ptbp3	0
Ptcd1	Ptcd1	0
Ptcd2	Ptcd2	0
Ptch1	Ptch1	0
Ptchd2	Ptchd2	0
Ptdss1	Ptdss1	0
Ptdss2	Ptdss2	0
Pten	Pten	0
Ptgds	Ptgds	0
Ptges2	Ptges2	0
Ptgr2	Ptgr2	0
Ptms	Ptms	0
Ptov1	Ptov1	0
Ptp4a1	Ptp4a1	0
Ptpdc1	Ptpdc1	0
Ptpla	Ptpla	0
Ptpmt1	Ptpmt1	0
Ptpn1	Ptpn1	0
Ptpn11	Ptpn11	0
Ptpn12	Ptpn12	0
Ptpn13	Ptpn13	0
Ptpn21	Ptpn21	0
Ptpn23	Ptpn23	0
Ptpn4	Ptpn4	0
Ptpn9	Ptpn9	0
Ptpra	Ptpra	0
Ptprd	Ptprd	0
Ptprf	Ptprf	0
Ptprg	Ptprg	0
Ptrh2	Ptrh2	0
Ptrhd1	Ptrhd1	0
Pttg1ip	Pttg1ip	0
Purg	Purg	0
Pus1	Pus1	0
Pus10	Pus10	0
Pusl1	Pusl1	0
Pvrl3	Pvrl3	0
Pwp2	Pwp2	0
Pwwp2a	Pwwp2a	0
Pxk	Pxk	0
Pxmp2	Pxmp2	0
Pxmp4	Pxmp4	0
Pycard	Pycard	0
Pycr1	Pycr1	0
Pycr2	Pycr2	0
Pygm	Pygm	0
Pygo2	Pygo2	0
Pyroxd1	Pyroxd1	0
Qars	Qars	0
Qdpr	Qdpr	0
Qrsl1	Qrsl1	0
Qtrt1	Qtrt1	0
Qtrtd1	Qtrtd1	0
R3hcc1	R3hcc1	0
R3hdm2	R3hdm2	0
R3hdm4	R3hdm4	0
Rab10	Rab10	0
Rab11a	Rab11a	0
Rab11fip3	Rab11fip3	0
Rab12	Rab12	0
Rab1b	Rab1b	0
Rab23	Rab23	0
Rab24	Rab24	0
Rab28	Rab28	0
Rab2a	Rab2a	0
Rab2b	Rab2b	0
Rab30	Rab30	0
Rab31	Rab31	0
Rab33b	Rab33b	0
Rab34	Rab34	0
Rab35	Rab35	0
Rab36	Rab36	0
Rab39b	Rab39b	0
Rab3c	Rab3c	0
Rab3gap2	Rab3gap2	0
Rab40c	Rab40c	0
Rab4a	Rab4a	0
Rab4b	Rab4b	0
Rab5a	Rab5a	0
Rab5c	Rab5c	0
Rab7	Rab7	0
Rab7l1	Rab7l1	0
Rab8b	Rab8b	0
Rab9	Rab9	0
Rabac1	Rabac1	0
Rabep1	Rabep1	0
Rabepk	Rabepk	0
Rabgap1	Rabgap1	0
Rabgap1l	Rabgap1l	0
Rabgef1	Rabgef1	0
Rabggtb	Rabggtb	0
Rabif	Rabif	0
Rabl2	Rabl2	0
Rabl3	Rabl3	0
Rabl5	Rabl5	0
Rabl6	Rabl6	0
Rad1	Rad1	0
Rad17	Rad17	0
Rad18	Rad18	0
Rad23a	Rad23a	0
Rad50	Rad50	0
Rad51c	Rad51c	0
Rad52	Rad52	0
Rad54b	Rad54b	0
Rad54l	Rad54l	0
Rad54l2	Rad54l2	0
Rad9a	Rad9a	0
Rad9b	Rad9b	0
Rae1	Rae1	0
Rai1	Rai1	0
Rala	Rala	0
Ralb	Ralb	0
Ralgapa1	Ralgapa1	0
Ralgapa2	Ralgapa2	0
Ralgapb	Ralgapb	0
Ralgds	Ralgds	0
Ralgps2	Ralgps2	0
Ramp1	Ramp1	0
Ranbp10	Ranbp10	0
Ranbp17	Ranbp17	0
Ranbp2	Ranbp2	0
Ranbp6	Ranbp6	0
Rap1a	Rap1a	0
Rap1b	Rap1b	0
Rap1gds1	Rap1gds1	0
Rap2a	Rap2a	0
Rap2b	Rap2b	0
Rapgef1	Rapgef1	0
Rapgef2	Rapgef2	0
Rapgef3	Rapgef3	0
Raph1	Raph1	0
Rars	Rars	0
Rars2	Rars2	0
Rasa3	Rasa3	0
Rasal2	Rasal2	0
Rasgef1b	Rasgef1b	0
Rasgrf1	Rasgrf1	0
Rassf1	Rassf1	0
Rassf3	Rassf3	0
Raver1	Raver1	0
Rb1	Rb1	0
Rb1cc1	Rb1cc1	0
Rbak	Rbak	0
Rbbp5	Rbbp5	0
Rbbp8	Rbbp8	0
Rbbp9	Rbbp9	0
Rbck1	Rbck1	0
Rbfox2	Rbfox2	0
Rbfox3	Rbfox3	0
Rbl1	Rbl1	0
Rbl2	Rbl2	0
Rbm12	Rbm12	0
Rbm14	Rbm14	0
Rbm15b	Rbm15b	0
Rbm17	Rbm17	0
Rbm18	Rbm18	0
Rbm22	Rbm22	0
Rbm24	Rbm24	0
Rbm33	Rbm33	0
Rbm34	Rbm34	0
Rbm38	Rbm38	0
Rbm4	Rbm4	0
Rbm41	Rbm41	0
Rbm42	Rbm42	0
Rbm43	Rbm43	0
Rbm48	Rbm48	0
Rbm6	Rbm6	0
Rbm7	Rbm7	0
Rbms2	Rbms2	0
Rbms3	Rbms3	0
Rbmx2	Rbmx2	0
Rbmxl1	Rbmxl1	0
Rbp1	Rbp1	0
Rbpj	Rbpj	0
Rbx1	Rbx1	0
Rc3h1	Rc3h1	0
Rcan1	Rcan1	0
Rcbtb1	Rcbtb1	0
Rcc1	Rcc1	0
Rchy1	Rchy1	0
Rcn1	Rcn1	0
Rcn3	Rcn3	0
Rcor1	Rcor1	0
Rcor3	Rcor3	0
Rdh11	Rdh11	0
Rdh13	Rdh13	0
Rdh14	Rdh14	0
Rdh5	Rdh5	0
Rdm1	Rdm1	0
Reck	Reck	0
Recql	Recql	0
Recql5	Recql5	0
Reep2	Reep2	0
Reep3	Reep3	0
Rela	Rela	0
Reps1	Reps1	0
Rer1	Rer1	0
Rev1	Rev1	0
Rexo1	Rexo1	0
Rexo2	Rexo2	0
Rexo4	Rexo4	0
Rfc1	Rfc1	0
Rfc2	Rfc2	0
Rfc5	Rfc5	0
Rfk	Rfk	0
Rfng	Rfng	0
Rftn2	Rftn2	0
Rfwd2	Rfwd2	0
Rfx1	Rfx1	0
Rfx2	Rfx2	0
Rfx5	Rfx5	0
Rfx7	Rfx7	0
Rfxank	Rfxank	0
Rgl1	Rgl1	0
Rgl2	Rgl2	0
Rgma	Rgma	0
Rgp1	Rgp1	0
Rgs12	Rgs12	0
Rgs16	Rgs16	0
Rgs19	Rgs19	0
Rgs20	Rgs20	0
Rgs3	Rgs3	0
Rhbdd2	Rhbdd2	0
Rhbdl3	Rhbdl3	0
Rhebl1	Rhebl1	0
Rhob	Rhob	0
Rhoq	Rhoq	0
Rhot1	Rhot1	0
Rhot2	Rhot2	0
Ric3	Ric3	0
Ric8b	Ric8b	0
Rif1	Rif1	0
Rimklb	Rimklb	0
Rims2	Rims2	0
Rint1	Rint1	0
Riok1	Riok1	0
Riok2	Riok2	0
Riok3	Riok3	0
Rit1	Rit1	0
Rlbp1	Rlbp1	0
Rlf	Rlf	0
Rmdn3	Rmdn3	0
Rmi1	Rmi1	0
Rmnd5a	Rmnd5a	0
Rmst	Rmst	0
Rnaseh1	Rnaseh1	0
Rnaseh2a	Rnaseh2a	0
Rnaseh2c	Rnaseh2c	0
Rnasek	Rnasek	0
Rnd2	Rnd2	0
Rnf10	Rnf10	0
Rnf103	Rnf103	0
Rnf11	Rnf11	0
Rnf111	Rnf111	0
Rnf113a2	Rnf113a2	0
Rnf114	Rnf114	0
Rnf115	Rnf115	0
Rnf121	Rnf121	0
Rnf126	Rnf126	0
Rnf130	Rnf130	0
Rnf14	Rnf14	0
Rnf144a	Rnf144a	0
Rnf149	Rnf149	0
Rnf157	Rnf157	0
Rnf165	Rnf165	0
Rnf168	Rnf168	0
Rnf169	Rnf169	0
Rnf180	Rnf180	0
Rnf181	Rnf181	0
Rnf182	Rnf182	0
Rnf185	Rnf185	0
Rnf19a	Rnf19a	0
Rnf20	Rnf20	0
Rnf215	Rnf215	0
Rnf216	Rnf216	0
Rnf219	Rnf219	0
Rnf220	Rnf220	0
Rnf24	Rnf24	0
Rnf34	Rnf34	0
Rnf38	Rnf38	0
Rnf40	Rnf40	0
Rnf5	Rnf5	0
Rnf6	Rnf6	0
Rnft1	Rnft1	0
Rnh1	Rnh1	0
Rnmt	Rnmt	0
Rnmtl1	Rnmtl1	0
Rnpep	Rnpep	0
Rnpepl1	Rnpepl1	0
Robo1	Robo1	0
Rock1	Rock1	0
Rock2	Rock2	0
Rogdi	Rogdi	0
Rp2h	Rp2h	0
Rp9	Rp9	0
Rpa2	Rpa2	0
Rpap1	Rpap1	0
Rpap2	Rpap2	0
Rpap3	Rpap3	0
Rpe	Rpe	0
Rpf1	Rpf1	0
Rpf2	Rpf2	0
Rpgr	Rpgr	0
Rpgrip1	Rpgrip1	0
Rpgrip1l	Rpgrip1l	0
Rpl18	Rpl18	0
Rpl23a	Rpl23a	0
Rpl27	Rpl27	0
Rpl27a	Rpl27a	0
Rpl28	Rpl28	0
Rpl35a	Rpl35a	0
Rpl5	Rpl5	0
Rpl9	Rpl9	0
Rpn1	Rpn1	0
Rpn2	Rpn2	0
Rpp25l	Rpp25l	0
Rpp38	Rpp38	0
Rpp40	Rpp40	0
Rprd1a	Rprd1a	0
Rprd1b	Rprd1b	0
Rprd2	Rprd2	0
Rps19bp1	Rps19bp1	0
Rps23	Rps23	0
Rps6ka5	Rps6ka5	0
Rps6ka6	Rps6ka6	0
Rps6kb1	Rps6kb1	0
Rps6kb2	Rps6kb2	0
Rps6kc1	Rps6kc1	0
Rps7	Rps7	0
Rptor	Rptor	0
Rpusd1	Rpusd1	0
Rpusd2	Rpusd2	0
Rpusd4	Rpusd4	0
Rraga	Rraga	0
Rragb	Rragb	0
Rragc	Rragc	0
Rragd	Rragd	0
Rrbp1	Rrbp1	0
Rrm2b	Rrm2b	0
Rrnad1	Rrnad1	0
Rrp1	Rrp1	0
Rrp12	Rrp12	0
Rrp15	Rrp15	0
Rrp1b	Rrp1b	0
Rrp36	Rrp36	0
Rrp8	Rrp8	0
Rrp9	Rrp9	0
Rrs1	Rrs1	0
Rsbn1	Rsbn1	0
Rsbn1l	Rsbn1l	0
Rsph3a	Rsph3a	0
Rsph9	Rsph9	0
Rspry1	Rspry1	0
Rsrc1	Rsrc1	0
Rsu1	Rsu1	0
Rtca	Rtca	0
Rtel1	Rtel1	0
Rtf1	Rtf1	0
Rtfdc1	Rtfdc1	0
Rtkn2	Rtkn2	0
Rtn2	Rtn2	0
Rtn4	Rtn4	0
Rttn	Rttn	0
Rufy3	Rufy3	0
Rundc1	Rundc1	0
Rundc3a	Rundc3a	0
Runx1t1	Runx1t1	0
Ruvbl1	Ruvbl1	0
Rwdd3	Rwdd3	0
Rwdd4a	Rwdd4a	0
Rxrb	Rxrb	0
Ryk	Ryk	0
S100a1	S100a1	0
S100a13	S100a13	0
S100a16	S100a16	0
S100a6	S100a6	0
S100b	S100b	0
Saal1	Saal1	0
Sacm1l	Sacm1l	0
Sae1	Sae1	0
Safb	Safb	0
Safb2	Safb2	0
Samd4	Samd4	0
Samd8	Samd8	0
Samm50	Samm50	0
Sap130	Sap130	0
Sap18	Sap18	0
Sap30	Sap30	0
Sap30bp	Sap30bp	0
Sap30l	Sap30l	0
Sar1a	Sar1a	0
Sar1b	Sar1b	0
Sart1	Sart1	0
Sart3	Sart3	0
Sash1	Sash1	0
Sass6	Sass6	0
Sat2	Sat2	0
Sav1	Sav1	0
Saysd1	Saysd1	0
Sbds	Sbds	0
Sbf1	Sbf1	0
Sbf2	Sbf2	0
Sbk1	Sbk1	0
Scaf4	Scaf4	0
Scai	Scai	0
Scamp1	Scamp1	0
Scamp2	Scamp2	0
Scamp3	Scamp3	0
Scamp4	Scamp4	0
Scamp5	Scamp5	0
Scaper	Scaper	0
Scara3	Scara3	0
Scarb2	Scarb2	0
Sccpdh	Sccpdh	0
Scfd1	Scfd1	0
Sclt1	Sclt1	0
Scmh1	Scmh1	0
Scn8a	Scn8a	0
Scnm1	Scnm1	0
Sco1	Sco1	0
Scp2	Scp2	0
Scpep1	Scpep1	0
Scrib	Scrib	0
Scrt2	Scrt2	0
Scyl1	Scyl1	0
Scyl3	Scyl3	0
Sdad1	Sdad1	0
Sdc1	Sdc1	0
Sdc2	Sdc2	0
Sdc3	Sdc3	0
Sdcbp	Sdcbp	0
Sdccag3	Sdccag3	0
Sdccag8	Sdccag8	0
Sde2	Sde2	0
Sdf2	Sdf2	0
Sdf2l1	Sdf2l1	0
Sdf4	Sdf4	0
Sdhaf2	Sdhaf2	0
Sdhc	Sdhc	0
Sdr39u1	Sdr39u1	0
Sec11c	Sec11c	0
Sec13	Sec13	0
Sec16a	Sec16a	0
Sec22a	Sec22a	0
Sec22b	Sec22b	0
Sec23a	Sec23a	0
Sec23b	Sec23b	0
Sec24a	Sec24a	0
Sec24b	Sec24b	0
Sec24c	Sec24c	0
Sec31a	Sec31a	0
Sec63	Sec63	0
Secisbp2	Secisbp2	0
Sel1l	Sel1l	0
Sel1l3	Sel1l3	0
Selm	Selm	0
Selrc1	Selrc1	0
Sema3e	Sema3e	0
Sema4g	Sema4g	0
Sema6a	Sema6a	0
Senp2	Senp2	0
Senp5	Senp5	0
Senp8	Senp8	0
Sepn1	Sepn1	0
Sept3	Sept3	0
Sept6	Sept6	0
Sept8	Sept8	0
Serac1	Serac1	0
Serinc1	Serinc1	0
Serpina3n	Serpina3n	0
Serpinb6a	Serpinb6a	0
Serpinc1	Serpinc1	0
Serpine3	Serpine3	0
Sertad3	Sertad3	0
Sesn1	Sesn1	0
Sesn3	Sesn3	0
Sestd1	Sestd1	0
Setd1a	Setd1a	0
Setd1b	Setd1b	0
Setd6	Setd6	0
Setd7	Setd7	0
Setd8	Setd8	0
Setdb1	Setdb1	0
Setdb2	Setdb2	0
Setx	Setx	0
Sfrp1	Sfrp1	0
Sfrp5	Sfrp5	0
Sfswap	Sfswap	0
Sft2d3	Sft2d3	0
Sfxn2	Sfxn2	0
Sfxn4	Sfxn4	0
Sgcb	Sgcb	0
Sgip1	Sgip1	0
Sgpl1	Sgpl1	0
Sgpp1	Sgpp1	0
Sgsm1	Sgsm1	0
Sgsm2	Sgsm2	0
Sh2b1	Sh2b1	0
Sh2b2	Sh2b2	0
Sh3bgrl3	Sh3bgrl3	0
Sh3glb1	Sh3glb1	0
Sh3glb2	Sh3glb2	0
Sh3kbp1	Sh3kbp1	0
Sh3pxd2b	Sh3pxd2b	0
Sh3rf1	Sh3rf1	0
Sharpin	Sharpin	0
Shc1	Shc1	0
Shcbp1l	Shcbp1l	0
Shd	Shd	0
Shisa2	Shisa2	0
Shisa5	Shisa5	0
Shmt1	Shmt1	0
Shmt2	Shmt2	0
Shoc2	Shoc2	0
Shroom2	Shroom2	0
Siae	Siae	0
Siah1a	Siah1a	0
Siah2	Siah2	0
Sidt2	Sidt2	0
Sigmar1	Sigmar1	0
Sik3	Sik3	0
Sike1	Sike1	0
Simc1	Simc1	0
Sipa1l1	Sipa1l1	0
Sipa1l2	Sipa1l2	0
Sirt1	Sirt1	0
Sirt2	Sirt2	0
Sirt3	Sirt3	0
Sirt4	Sirt4	0
Sirt5	Sirt5	0
Sirt7	Sirt7	0
Six3	Six3	0
Six3os1	Six3os1	0
Ska1	Ska1	0
Ski	Ski	0
Skida1	Skida1	0
Skiv2l	Skiv2l	0
Skiv2l2	Skiv2l2	0
Skp2	Skp2	0
Slain1	Slain1	0
Slain2	Slain2	0
Slc12a2	Slc12a2	0
Slc12a6	Slc12a6	0
Slc16a2	Slc16a2	0
Slc16a4	Slc16a4	0
Slc17a5	Slc17a5	0
Slc18a2	Slc18a2	0
Slc18b1	Slc18b1	0
Slc19a2	Slc19a2	0
Slc1a4	Slc1a4	0
Slc20a2	Slc20a2	0
Slc22a17	Slc22a17	0
Slc23a2	Slc23a2	0
Slc24a5	Slc24a5	0
Slc24a6	Slc24a6	0
Slc25a1	Slc25a1	0
Slc25a11	Slc25a11	0
Slc25a13	Slc25a13	0
Slc25a14	Slc25a14	0
Slc25a16	Slc25a16	0
Slc25a17	Slc25a17	0
Slc25a18	Slc25a18	0
Slc25a20	Slc25a20	0
Slc25a22	Slc25a22	0
Slc25a23	Slc25a23	0
Slc25a27	Slc25a27	0
Slc25a28	Slc25a28	0
Slc25a36	Slc25a36	0
Slc25a37	Slc25a37	0
Slc25a39	Slc25a39	0
Slc25a40	Slc25a40	0
Slc25a44	Slc25a44	0
Slc25a46	Slc25a46	0
Slc25a51	Slc25a51	0
Slc25a53	Slc25a53	0
Slc27a4	Slc27a4	0
Slc29a1	Slc29a1	0
Slc29a2	Slc29a2	0
Slc29a4	Slc29a4	0
Slc2a1	Slc2a1	0
Slc2a4rg.ps	Slc2a4rg.ps	0
Slc30a1	Slc30a1	0
Slc30a10	Slc30a10	0
Slc30a5	Slc30a5	0
Slc30a7	Slc30a7	0
Slc30a9	Slc30a9	0
Slc31a1	Slc31a1	0
Slc35a1	Slc35a1	0
Slc35a2	Slc35a2	0
Slc35a4	Slc35a4	0
Slc35b1	Slc35b1	0
Slc35b2	Slc35b2	0
Slc35b3	Slc35b3	0
Slc35b4	Slc35b4	0
Slc35c2	Slc35c2	0
Slc35d1	Slc35d1	0
Slc35e1	Slc35e1	0
Slc35e2	Slc35e2	0
Slc35f6	Slc35f6	0
Slc37a3	Slc37a3	0
Slc38a2	Slc38a2	0
Slc38a9	Slc38a9	0
Slc39a10	Slc39a10	0
Slc39a12	Slc39a12	0
Slc39a13	Slc39a13	0
Slc39a6	Slc39a6	0
Slc39a7	Slc39a7	0
Slc39a9	Slc39a9	0
Slc3a2	Slc3a2	0
Slc41a1	Slc41a1	0
Slc43a1	Slc43a1	0
Slc43a2	Slc43a2	0
Slc44a2	Slc44a2	0
Slc4a1ap	Slc4a1ap	0
Slc4a4	Slc4a4	0
Slc4a7	Slc4a7	0
Slc50a1	Slc50a1	0
Slc5a3	Slc5a3	0
Slc6a11	Slc6a11	0
Slc6a6	Slc6a6	0
Slc6a8	Slc6a8	0
Slc7a1	Slc7a1	0
Slc7a10	Slc7a10	0
Slc7a11	Slc7a11	0
Slc7a5	Slc7a5	0
Slc7a6	Slc7a6	0
Slc7a6os	Slc7a6os	0
Slc9a6	Slc9a6	0
Slfn9	Slfn9	0
Slit2	Slit2	0
Slk	Slk	0
Slmap	Slmap	0
Slmo1	Slmo1	0
Slu7	Slu7	0
Slx4	Slx4	0
Slx4ip	Slx4ip	0
Smad2	Smad2	0
Smad4	Smad4	0
Smad7	Smad7	0
Smap1	Smap1	0
Smap2	Smap2	0
Smarcad1	Smarcad1	0
Smarcal1	Smarcal1	0
Smarcb1	Smarcb1	0
Smarcc2	Smarcc2	0
Smarcd1	Smarcd1	0
Smarcd3	Smarcd3	0
Smcr7l	Smcr7l	0
Smek1	Smek1	0
Smek2	Smek2	0
Smg5	Smg5	0
Smg6	Smg6	0
Smg8	Smg8	0
Smg9	Smg9	0
Smim11	Smim11	0
Smim12	Smim12	0
Smim13	Smim13	0
Smim14	Smim14	0
Smim4	Smim4	0
Smim6	Smim6	0
Smim8	Smim8	0
Smn1	Smn1	0
Smndc1	Smndc1	0
Smo	Smo	0
Smox	Smox	0
Smpd1	Smpd1	0
Smpd2	Smpd2	0
Smpd3	Smpd3	0
Smpd4	Smpd4	0
Smpdl3a	Smpdl3a	0
Sms	Sms	0
Smu1	Smu1	0
Smurf2	Smurf2	0
Smyd3	Smyd3	0
Smyd4	Smyd4	0
Snap23	Snap23	0
Snap25	Snap25	0
Snap29	Snap29	0
Snap47	Snap47	0
Snap91	Snap91	0
Snapc1	Snapc1	0
Snapc2	Snapc2	0
Snapc3	Snapc3	0
Snapc4	Snapc4	0
Snapc5	Snapc5	0
Snapin	Snapin	0
Sncaip	Sncaip	0
Snf8	Snf8	0
Snhg3	Snhg3	0
Snhg8	Snhg8	0
Snhg9	Snhg9	0
Snn	Snn	0
Snora31	Snora31	0
Snora70	Snora70	0
Snord52	Snord52	0
Snrk	Snrk	0
Snrnp200	Snrnp200	0
Snrnp25	Snrnp25	0
Snrnp40	Snrnp40	0
Snrnp48	Snrnp48	0
Snrpa	Snrpa	0
Snrpc	Snrpc	0
Snrpd3	Snrpd3	0
Snta1	Snta1	0
Snx10	Snx10	0
Snx12	Snx12	0
Snx13	Snx13	0
Snx16	Snx16	0
Snx17	Snx17	0
Snx18	Snx18	0
Snx2	Snx2	0
Snx30	Snx30	0
Snx32	Snx32	0
Snx4	Snx4	0
Sobp	Sobp	0
Socs7	Socs7	0
Sod3	Sod3	0
Soga2	Soga2	0
Soga3	Soga3	0
Sorbs2	Sorbs2	0
Sorbs3	Sorbs3	0
Sord	Sord	0
Sorl1	Sorl1	0
Sos1	Sos1	0
Sos2	Sos2	0
Sox12	Sox12	0
Sox13	Sox13	0
Sox21	Sox21	0
Sox5	Sox5	0
Sox6	Sox6	0
Sp1	Sp1	0
Sp2	Sp2	0
Sp4	Sp4	0
Sp8	Sp8	0
Sp9	Sp9	0
Spa17	Spa17	0
Sparc	Sparc	0
Spast	Spast	0
Spata1	Spata1	0
Spata13	Spata13	0
Spata24	Spata24	0
Spata5	Spata5	0
Spata7	Spata7	0
Spats2	Spats2	0
Spc24	Spc24	0
Spdl1	Spdl1	0
Specc1	Specc1	0
Specc1l	Specc1l	0
Spen	Spen	0
Spg11	Spg11	0
Spg20	Spg20	0
Spg21	Spg21	0
Sphk2	Sphk2	0
Spice1	Spice1	0
Spin4	Spin4	0
Spire1	Spire1	0
Spon1	Spon1	0
Spop	Spop	0
Sppl2a	Sppl2a	0
Sppl3	Sppl3	0
Spred1	Spred1	0
Spred2	Spred2	0
Spred3	Spred3	0
Spry4	Spry4	0
Spsb3	Spsb3	0
Spsb4	Spsb4	0
Sptan1	Sptan1	0
Sptbn2	Sptbn2	0
Sptlc1	Sptlc1	0
Sptssa	Sptssa	0
Spty2d1	Spty2d1	0
Sqle	Sqle	0
Sra1	Sra1	0
Srbd1	Srbd1	0
Srcin1	Srcin1	0
Srd5a1	Srd5a1	0
Srebf2	Srebf2	0
Srek1ip1	Srek1ip1	0
Srf	Srf	0
Srfbp1	Srfbp1	0
Srgap2	Srgap2	0
Srm	Srm	0
Srp9	Srp9	0
Srpr	Srpr	0
Srprb	Srprb	0
Srr	Srr	0
Srrd	Srrd	0
Srrm4	Srrm4	0
Srrt	Srrt	0
Srsf4	Srsf4	0
Ss18l1	Ss18l1	0
Ssh2	Ssh2	0
Ssr3	Ssr3	0
Sssca1	Sssca1	0
Ssx2ip	Ssx2ip	0
St13	St13	0
St3gal1	St3gal1	0
St3gal2	St3gal2	0
St3gal4	St3gal4	0
St7	St7	0
Stag2	Stag2	0
Stam	Stam	0
Stam2	Stam2	0
Stambp	Stambp	0
Stard3nl	Stard3nl	0
Stat1	Stat1	0
Stat2	Stat2	0
Steap2	Steap2	0
Stil	Stil	0
Stim2	Stim2	0
Stk16	Stk16	0
Stk17b	Stk17b	0
Stk19	Stk19	0
Stk24	Stk24	0
Stk25	Stk25	0
Stk3	Stk3	0
Stk30	Stk30	0
Stk33	Stk33	0
Stk35	Stk35	0
Stk39	Stk39	0
Stmn2	Stmn2	0
Stoml2	Stoml2	0
Ston2	Ston2	0
Stra13	Stra13	0
Strada	Strada	0
Strip1	Strip1	0
Strn4	Strn4	0
Stt3a	Stt3a	0
Stub1	Stub1	0
Stx12	Stx12	0
Stx16	Stx16	0
Stx17	Stx17	0
Stx18	Stx18	0
Stx5a	Stx5a	0
Stx6	Stx6	0
Stx7	Stx7	0
Stx8	Stx8	0
Stxbp1	Stxbp1	0
Stxbp3a	Stxbp3a	0
Stxbp4	Stxbp4	0
Stxbp5	Stxbp5	0
Stxbp5l	Stxbp5l	0
Styx	Styx	0
Suclg1	Suclg1	0
Suclg2	Suclg2	0
Sumf2	Sumf2	0
Sumo3	Sumo3	0
Sun2	Sun2	0
Supt20	Supt20	0
Supt3	Supt3	0
Supt4a	Supt4a	0
Supt6	Supt6	0
Supt7l	Supt7l	0
Surf1	Surf1	0
Surf2	Surf2	0
Surf4	Surf4	0
Suv39h1	Suv39h1	0
Suv39h2	Suv39h2	0
Suv420h1	Suv420h1	0
Suv420h2	Suv420h2	0
Svil	Svil	0
Swap70	Swap70	0
Swi5	Swi5	0
Syap1	Syap1	0
Sybu	Sybu	0
Syce2	Syce2	0
Sycp2	Sycp2	0
Syf2	Syf2	0
Syn2	Syn2	0
Syne1	Syne1	0
Syngr1	Syngr1	0
Synj2bp	Synj2bp	0
Synrg	Synrg	0
Sypl	Sypl	0
Sys1	Sys1	0
Syt4	Syt4	0
Syvn1	Syvn1	0
Szrd1	Szrd1	0
Szt2	Szt2	0
Tacc2	Tacc2	0
Tada1	Tada1	0
Tada2a	Tada2a	0
Tada3	Tada3	0
Taf1	Taf1	0
Taf11	Taf11	0
Taf12	Taf12	0
Taf13	Taf13	0
Taf1b	Taf1b	0
Taf2	Taf2	0
Taf4a	Taf4a	0
Taf5	Taf5	0
Taf5l	Taf5l	0
Taf6	Taf6	0
Taf8	Taf8	0
Taf9	Taf9	0
Taf9b	Taf9b	0
Tagap1	Tagap1	0
Tagln2	Tagln2	0
Tagln3	Tagln3	0
Tamm41	Tamm41	0
Tanc2	Tanc2	0
Tango2	Tango2	0
Tank	Tank	0
Taok3	Taok3	0
Tapbp	Tapbp	0
Tapt1	Tapt1	0
Tarbp2	Tarbp2	0
Tars	Tars	0
Tars2	Tars2	0
Tasp1	Tasp1	0
Tatdn1	Tatdn1	0
Tatdn2	Tatdn2	0
Tatdn3	Tatdn3	0
Taz	Taz	0
Tbc1d1	Tbc1d1	0
Tbc1d12	Tbc1d12	0
Tbc1d14	Tbc1d14	0
Tbc1d15	Tbc1d15	0
Tbc1d19	Tbc1d19	0
Tbc1d23	Tbc1d23	0
Tbc1d2b	Tbc1d2b	0
Tbc1d5	Tbc1d5	0
Tbc1d7	Tbc1d7	0
Tbc1d8	Tbc1d8	0
Tbc1d9b	Tbc1d9b	0
Tbcb	Tbcb	0
Tbcd	Tbcd	0
Tbce	Tbce	0
Tbck	Tbck	0
Tbk1	Tbk1	0
Tbl1x	Tbl1x	0
Tbl1xr1	Tbl1xr1	0
Tbl3	Tbl3	0
Tbp	Tbp	0
Tbpl1	Tbpl1	0
Tbrg3	Tbrg3	0
Tbrg4	Tbrg4	0
Tceanc	Tceanc	0
Tceanc2	Tceanc2	0
Tceb3	Tceb3	0
Tcf19	Tcf19	0
Tcf3	Tcf3	0
Tcf7l1	Tcf7l1	0
Tchp	Tchp	0
Tcof1	Tcof1	0
Tcp11l1	Tcp11l1	0
Tcta	Tcta	0
Tctex1d2	Tctex1d2	0
Tctn3	Tctn3	0
Tdp1	Tdp1	0
Tdp2	Tdp2	0
Tdrd3	Tdrd3	0
Tdrkh	Tdrkh	0
Tead2	Tead2	0
Tecpr1	Tecpr1	0
Tecpr2	Tecpr2	0
Tef	Tef	0
Tefm	Tefm	0
Telo2	Telo2	0
Ten1	Ten1	0
Tenm3	Tenm3	0
Tep1	Tep1	0
Terf1	Terf1	0
Terf2	Terf2	0
Tet1	Tet1	0
Tet3	Tet3	0
Tex10	Tex10	0
Tex2	Tex2	0
Tex261	Tex261	0
Tex264	Tex264	0
Tex9	Tex9	0
Tfb2m	Tfb2m	0
Tfcp2	Tfcp2	0
Tfcp2l1	Tfcp2l1	0
Tfpt	Tfpt	0
Tfrc	Tfrc	0
Tgds	Tgds	0
Tgfbr1	Tgfbr1	0
Tgif2	Tgif2	0
Tgs1	Tgs1	0
Thap1	Thap1	0
Thap11	Thap11	0
Thap2	Thap2	0
Thap7	Thap7	0
Them4	Them4	0
Thnsl1	Thnsl1	0
Thoc5	Thoc5	0
Thoc6	Thoc6	0
Thoc7	Thoc7	0
Thop1	Thop1	0
Thra	Thra	0
Thrb	Thrb	0
Thrsp	Thrsp	0
Thsd1	Thsd1	0
Thumpd1	Thumpd1	0
Thumpd3	Thumpd3	0
Thyn1	Thyn1	0
Tiam2	Tiam2	0
Ticrr	Ticrr	0
Tigd2	Tigd2	0
Timm10b	Timm10b	0
Timm17a	Timm17a	0
Timm21	Timm21	0
Timm22	Timm22	0
Timm50	Timm50	0
Timm9	Timm9	0
Timp2	Timp2	0
Timp3	Timp3	0
Timp4	Timp4	0
Tinf2	Tinf2	0
Tiparp	Tiparp	0
Tiprl	Tiprl	0
Tjap1	Tjap1	0
Tjp2	Tjp2	0
Tk1	Tk1	0
Tk2	Tk2	0
Tkt	Tkt	0
Tlcd1	Tlcd1	0
Tle1	Tle1	0
Tlk1	Tlk1	0
Tlk2	Tlk2	0
Tln1	Tln1	0
Tln2	Tln2	0
Tlr3	Tlr3	0
Tm2d1	Tm2d1	0
Tm7sf2	Tm7sf2	0
Tm7sf3	Tm7sf3	0
Tm9sf1	Tm9sf1	0
Tm9sf2	Tm9sf2	0
Tm9sf3	Tm9sf3	0
Tm9sf4	Tm9sf4	0
Tma16	Tma16	0
Tmbim4	Tmbim4	0
Tmc7	Tmc7	0
Tmcc1	Tmcc1	0
Tmcc3	Tmcc3	0
Tmco3	Tmco3	0
Tmed1	Tmed1	0
Tmed10	Tmed10	0
Tmed2	Tmed2	0
Tmed3	Tmed3	0
Tmed4	Tmed4	0
Tmed7	Tmed7	0
Tmed8	Tmed8	0
Tmed9	Tmed9	0
Tmem100	Tmem100	0
Tmem101	Tmem101	0
Tmem106b	Tmem106b	0
Tmem106c	Tmem106c	0
Tmem107	Tmem107	0
Tmem109	Tmem109	0
Tmem11	Tmem11	0
Tmem120a	Tmem120a	0
Tmem123	Tmem123	0
Tmem127	Tmem127	0
Tmem128	Tmem128	0
Tmem129	Tmem129	0
Tmem132b	Tmem132b	0
Tmem134	Tmem134	0
Tmem135	Tmem135	0
Tmem136	Tmem136	0
Tmem138	Tmem138	0
Tmem147	Tmem147	0
Tmem14c	Tmem14c	0
Tmem161a	Tmem161a	0
Tmem161b	Tmem161b	0
Tmem164	Tmem164	0
Tmem165	Tmem165	0
Tmem167b	Tmem167b	0
Tmem168	Tmem168	0
Tmem17	Tmem17	0
Tmem170b	Tmem170b	0
Tmem176b	Tmem176b	0
Tmem179b	Tmem179b	0
Tmem18	Tmem18	0
Tmem183a	Tmem183a	0
Tmem184b	Tmem184b	0
Tmem184c	Tmem184c	0
Tmem186	Tmem186	0
Tmem19	Tmem19	0
Tmem194	Tmem194	0
Tmem194b	Tmem194b	0
Tmem199	Tmem199	0
Tmem2	Tmem2	0
Tmem201	Tmem201	0
Tmem205	Tmem205	0
Tmem206	Tmem206	0
Tmem209	Tmem209	0
Tmem214	Tmem214	0
Tmem216	Tmem216	0
Tmem218	Tmem218	0
Tmem219	Tmem219	0
Tmem222	Tmem222	0
Tmem223	Tmem223	0
Tmem230	Tmem230	0
Tmem231	Tmem231	0
Tmem234	Tmem234	0
Tmem237	Tmem237	0
Tmem245	Tmem245	0
Tmem246	Tmem246	0
Tmem248	Tmem248	0
Tmem25	Tmem25	0
Tmem251	Tmem251	0
Tmem29	Tmem29	0
Tmem30a	Tmem30a	0
Tmem33	Tmem33	0
Tmem39a	Tmem39a	0
Tmem41b	Tmem41b	0
Tmem43	Tmem43	0
Tmem44	Tmem44	0
Tmem48	Tmem48	0
Tmem5	Tmem5	0
Tmem50a	Tmem50a	0
Tmem50b	Tmem50b	0
Tmem55b	Tmem55b	0
Tmem63b	Tmem63b	0
Tmem66	Tmem66	0
Tmem67	Tmem67	0
Tmem68	Tmem68	0
Tmem69	Tmem69	0
Tmem80	Tmem80	0
Tmem87a	Tmem87a	0
Tmem87b	Tmem87b	0
Tmem97	Tmem97	0
Tmem98	Tmem98	0
Tmem9b	Tmem9b	0
Tmod3	Tmod3	0
Tmtc2	Tmtc2	0
Tmtc3	Tmtc3	0
Tmtc4	Tmtc4	0
Tmub2	Tmub2	0
Tmx1	Tmx1	0
Tmx4	Tmx4	0
Tnc	Tnc	0
Tnfaip1	Tnfaip1	0
Tnfrsf21	Tnfrsf21	0
Tnk2	Tnk2	0
Tnks	Tnks	0
Tnks2	Tnks2	0
Tnrc6c	Tnrc6c	0
Tns3	Tns3	0
Tob2	Tob2	0
Toe1	Toe1	0
Tollip	Tollip	0
Tom1l1	Tom1l1	0
Tom1l2	Tom1l2	0
Tomm20	Tomm20	0
Tomm22	Tomm22	0
Tomm40	Tomm40	0
Tomm40l	Tomm40l	0
Tomm5	Tomm5	0
Tomm6	Tomm6	0
Tomm70a	Tomm70a	0
Tonsl	Tonsl	0
Top2b	Top2b	0
Top3b	Top3b	0
Topors	Topors	0
Tor1a	Tor1a	0
Tor1aip1	Tor1aip1	0
Tor1b	Tor1b	0
Tor2a	Tor2a	0
Tor3a	Tor3a	0
Tox4	Tox4	0
Tpcn1	Tpcn1	0
Tpd52	Tpd52	0
Tpd52l2	Tpd52l2	0
Tpgs1	Tpgs1	0
Tpgs2	Tpgs2	0
Tpi1	Tpi1	0
Tpm1	Tpm1	0
Tpmt	Tpmt	0
Tpra1	Tpra1	0
Tprgl	Tprgl	0
Tpst1	Tpst1	0
Tpst2	Tpst2	0
Tpt1	Tpt1	0
Traf3	Traf3	0
Traf6	Traf6	0
Traf7	Traf7	0
Trafd1	Trafd1	0
Traip	Traip	0
Trak1	Trak1	0
Trak2	Trak2	0
Tram1	Tram1	0
Tram1l1	Tram1l1	0
Trappc10	Trappc10	0
Trappc11	Trappc11	0
Trappc12	Trappc12	0
Trappc13	Trappc13	0
Trappc2	Trappc2	0
Trappc2l	Trappc2l	0
Trappc5	Trappc5	0
Trappc6a	Trappc6a	0
Trappc6b	Trappc6b	0
Trappc8	Trappc8	0
Trdmt1	Trdmt1	0
Trerf1	Trerf1	0
Triap1	Triap1	0
Trim12c	Trim12c	0
Trim2	Trim2	0
Trim23	Trim23	0
Trim26	Trim26	0
Trim27	Trim27	0
Trim32	Trim32	0
Trim35	Trim35	0
Trim36	Trim36	0
Trim37	Trim37	0
Trim39	Trim39	0
Trim41	Trim41	0
Trim44	Trim44	0
Trim67	Trim67	0
Trim68	Trim68	0
Triobp	Triobp	0
Trip11	Trip11	0
Trip12	Trip12	0
Trip13	Trip13	0
Trip4	Trip4	0
Trmt10b	Trmt10b	0
Trmt10c	Trmt10c	0
Trmt11	Trmt11	0
Trmt112	Trmt112	0
Trmt13	Trmt13	0
Trmt1l	Trmt1l	0
Trmt2a	Trmt2a	0
Trmt2b	Trmt2b	0
Trmt5	Trmt5	0
Trmt6	Trmt6	0
Trmu	Trmu	0
Trnt1	Trnt1	0
Troap	Troap	0
Trove2	Trove2	0
Trp53bp1	Trp53bp1	0
Trp53bp2	Trp53bp2	0
Trp53i11	Trp53i11	0
Trp53i13	Trp53i13	0
Trp53inp1	Trp53inp1	0
Trp53inp2	Trp53inp2	0
Trpc2	Trpc2	0
Trpm7	Trpm7	0
Trps1	Trps1	0
Trub1	Trub1	0
Trub2	Trub2	0
Tsacc	Tsacc	0
Tsc1	Tsc1	0
Tsc2	Tsc2	0
Tsc22d4	Tsc22d4	0
Tsen2	Tsen2	0
Tsen34	Tsen34	0
Tsga14	Tsga14	0
Tshz1	Tshz1	0
Tshz3	Tshz3	0
Tsnax	Tsnax	0
Tspan12	Tspan12	0
Tspan13	Tspan13	0
Tspan14	Tspan14	0
Tspan18	Tspan18	0
Tspan31	Tspan31	0
Tspan5	Tspan5	0
Tspan6	Tspan6	0
Tspan9	Tspan9	0
Tspo	Tspo	0
Tspyl5	Tspyl5	0
Tsr1	Tsr1	0
Tsr2	Tsr2	0
Tsr3	Tsr3	0
Tssc1	Tssc1	0
Tssc4	Tssc4	0
Tst	Tst	0
Tsta3	Tsta3	0
Tstd2	Tstd2	0
Tstd3	Tstd3	0
Ttc1	Ttc1	0
Ttc13	Ttc13	0
Ttc14	Ttc14	0
Ttc19	Ttc19	0
Ttc21b	Ttc21b	0
Ttc28	Ttc28	0
Ttc32	Ttc32	0
Ttc33	Ttc33	0
Ttc37	Ttc37	0
Ttc4	Ttc4	0
Ttc7b	Ttc7b	0
Ttc8	Ttc8	0
Ttf2	Ttf2	0
Tti1	Tti1	0
Ttl	Ttl	0
Ttll12	Ttll12	0
Ttll4	Ttll4	0
Ttll5	Ttll5	0
Ttyh3	Ttyh3	0
Tubb4b	Tubb4b	0
Tube1	Tube1	0
Tubgcp2	Tubgcp2	0
Tubgcp3	Tubgcp3	0
Tubgcp4	Tubgcp4	0
Tubgcp5	Tubgcp5	0
Tulp3	Tulp3	0
Tusc2	Tusc2	0
Tusc3	Tusc3	0
Tut1	Tut1	0
Tvp23b	Tvp23b	0
Twistnb	Twistnb	0
Txlna	Txlna	0
Txlng	Txlng	0
Txndc11	Txndc11	0
Txndc15	Txndc15	0
Txndc16	Txndc16	0
Txndc17	Txndc17	0
Txndc5	Txndc5	0
Txnip	Txnip	0
Txnl4a	Txnl4a	0
Txnl4b	Txnl4b	0
Txnrd2	Txnrd2	0
Tyms.ps	Tyms.ps	0
Tyro3	Tyro3	0
Tyw3	Tyw3	0
Tyw5	Tyw5	0
U2af1	U2af1	0
U2af1l4	U2af1l4	0
U2af2	U2af2	0
Uap1	Uap1	0
Uba1	Uba1	0
Uba2	Uba2	0
Uba5	Uba5	0
Ubac2	Ubac2	0
Ubap1	Ubap1	0
Ube2a	Ube2a	0
Ube2d3	Ube2d3	0
Ube2e2	Ube2e2	0
Ube2f	Ube2f	0
Ube2g1	Ube2g1	0
Ube2g2	Ube2g2	0
Ube2h	Ube2h	0
Ube2j1	Ube2j1	0
Ube2l3	Ube2l3	0
Ube2l6	Ube2l6	0
Ube2m	Ube2m	0
Ube2q1	Ube2q1	0
Ube2q2	Ube2q2	0
Ube2ql1	Ube2ql1	0
Ube2r2	Ube2r2	0
Ube2v1	Ube2v1	0
Ube2v2	Ube2v2	0
Ube2w	Ube2w	0
Ube3b	Ube3b	0
Ube3c	Ube3c	0
Ube4a	Ube4a	0
Ubiad1	Ubiad1	0
Ubl7	Ubl7	0
Ublcp1	Ublcp1	0
Ubn1	Ubn1	0
Ubox5	Ubox5	0
Ubqln1	Ubqln1	0
Ubqln2	Ubqln2	0
Ubqln4	Ubqln4	0
Ubr1	Ubr1	0
Ubr2	Ubr2	0
Ubtd2	Ubtd2	0
Ubxn1	Ubxn1	0
Ubxn2a	Ubxn2a	0
Ubxn6	Ubxn6	0
Ubxn7	Ubxn7	0
Ubxn8	Ubxn8	0
Uchl1	Uchl1	0
Uchl5	Uchl5	0
Uck1	Uck1	0
Uckl1	Uckl1	0
Uevld	Uevld	0
Ufc1	Ufc1	0
Ufd1l	Ufd1l	0
Ufl1	Ufl1	0
Ufm1	Ufm1	0
Ufsp2	Ufsp2	0
Ugcg	Ugcg	0
Ugdh	Ugdh	0
Uggt2	Uggt2	0
Uhrf1bp1	Uhrf1bp1	0
Uhrf1bp1l	Uhrf1bp1l	0
Ulk1	Ulk1	0
Umps	Umps	0
Unc119b	Unc119b	0
Unc13a	Unc13a	0
Unc45a	Unc45a	0
Unc79	Unc79	0
Upf2	Upf2	0
Upf3a	Upf3a	0
Upf3b	Upf3b	0
Uqcc	Uqcc	0
Uqcr11	Uqcr11	0
Uqcrc1	Uqcrc1	0
Urb1	Urb1	0
Urb2	Urb2	0
Urgcp	Urgcp	0
Uri1	Uri1	0
Urod	Urod	0
Uros	Uros	0
Usb1	Usb1	0
Use1	Use1	0
Usf2	Usf2	0
Uso1	Uso1	0
Usp1	Usp1	0
Usp11	Usp11	0
Usp14	Usp14	0
Usp15	Usp15	0
Usp16	Usp16	0
Usp19	Usp19	0
Usp2	Usp2	0
Usp20	Usp20	0
Usp21	Usp21	0
Usp24	Usp24	0
Usp25	Usp25	0
Usp28	Usp28	0
Usp3	Usp3	0
Usp31	Usp31	0
Usp32	Usp32	0
Usp33	Usp33	0
Usp34	Usp34	0
Usp36	Usp36	0
Usp4	Usp4	0
Usp40	Usp40	0
Usp42	Usp42	0
Usp45	Usp45	0
Usp46	Usp46	0
Usp47	Usp47	0
Usp48	Usp48	0
Usp51	Usp51	0
Usp53	Usp53	0
Usp54	Usp54	0
Usp6nl	Usp6nl	0
Usp7	Usp7	0
Usp8	Usp8	0
Uspl1	Uspl1	0
Utp14b	Utp14b	0
Utp15	Utp15	0
Utp18	Utp18	0
Utp20	Utp20	0
Utp23	Utp23	0
Utp3	Utp3	0
Utp6	Utp6	0
Utrn	Utrn	0
Vac14	Vac14	0
Vamp1	Vamp1	0
Vamp2	Vamp2	0
Vamp3	Vamp3	0
Vars	Vars	0
Vash1	Vash1	0
Vcan	Vcan	0
Vcl	Vcl	0
Vcpip1	Vcpip1	0
Vegfb	Vegfb	0
Vezf1	Vezf1	0
Vgll4	Vgll4	0
Vimp	Vimp	0
Vipas39	Vipas39	0
Vkorc1	Vkorc1	0
Vma21	Vma21	0
Vmp1	Vmp1	0
Vopp1	Vopp1	0
Vprbp	Vprbp	0
Vps13c	Vps13c	0
Vps13d	Vps13d	0
Vps16	Vps16	0
Vps25	Vps25	0
Vps26a	Vps26a	0
Vps26b	Vps26b	0
Vps28	Vps28	0
Vps29	Vps29	0
Vps33b	Vps33b	0
Vps35	Vps35	0
Vps37a	Vps37a	0
Vps37b	Vps37b	0
Vps39	Vps39	0
Vps41	Vps41	0
Vps45	Vps45	0
Vps4a	Vps4a	0
Vps52	Vps52	0
Vps53	Vps53	0
Vps54	Vps54	0
Vps72	Vps72	0
Vps9d1	Vps9d1	0
Vrk1	Vrk1	0
Vrk3	Vrk3	0
Vta1	Vta1	0
Vti1a	Vti1a	0
Vti1b	Vti1b	0
Vwa5a	Vwa5a	0
Vwa8	Vwa8	0
Wac	Wac	0
Wapal	Wapal	0
Wars	Wars	0
Wasf1	Wasf1	0
Wasf2	Wasf2	0
Wasl	Wasl	0
Wbp1	Wbp1	0
Wbp11	Wbp11	0
Wbp1l	Wbp1l	0
Wbp2	Wbp2	0
Wbp7	Wbp7	0
Wbscr22	Wbscr22	0
Wbscr27	Wbscr27	0
Wdfy1	Wdfy1	0
Wdfy2	Wdfy2	0
Wdfy3	Wdfy3	0
Wdhd1	Wdhd1	0
Wdpcp	Wdpcp	0
Wdr11	Wdr11	0
Wdr12	Wdr12	0
Wdr17	Wdr17	0
Wdr18	Wdr18	0
Wdr19	Wdr19	0
Wdr20a	Wdr20a	0
Wdr3	Wdr3	0
Wdr33	Wdr33	0
Wdr34	Wdr34	0
Wdr37	Wdr37	0
Wdr4	Wdr4	0
Wdr41	Wdr41	0
Wdr45	Wdr45	0
Wdr47	Wdr47	0
Wdr48	Wdr48	0
Wdr5	Wdr5	0
Wdr53	Wdr53	0
Wdr59	Wdr59	0
Wdr6	Wdr6	0
Wdr60	Wdr60	0
Wdr62	Wdr62	0
Wdr67	Wdr67	0
Wdr7	Wdr7	0
Wdr70	Wdr70	0
Wdr75	Wdr75	0
Wdr76	Wdr76	0
Wdr77	Wdr77	0
Wdr82	Wdr82	0
Wdr85	Wdr85	0
Wdr92	Wdr92	0
Wdsub1	Wdsub1	0
Wdyhv1	Wdyhv1	0
Wee1	Wee1	0
Whrn	Whrn	0
Whsc1l1	Whsc1l1	0
Wipf2	Wipf2	0
Wipi2	Wipi2	0
Wiz	Wiz	0
Wls	Wls	0
Wnk3	Wnk3	0
Wnt7a	Wnt7a	0
Wnt7b	Wnt7b	0
Wrap53	Wrap53	0
Wrb	Wrb	0
Wrn	Wrn	0
Wrnip1	Wrnip1	0
Wsb2	Wsb2	0
Wwp1	Wwp1	0
Wwp2	Wwp2	0
Xab2	Xab2	0
Xbp1	Xbp1	0
Xiap	Xiap	0
Xpc	Xpc	0
Xpnpep1	Xpnpep1	0
Xpo4	Xpo4	0
Xpo7	Xpo7	0
Xpot	Xpot	0
Xrcc1	Xrcc1	0
Xrcc4	Xrcc4	0
Xrcc5	Xrcc5	0
Xrcc6	Xrcc6	0
Xrn1	Xrn1	0
Yae1d1	Yae1d1	0
Yaf2	Yaf2	0
Yap1	Yap1	0
Yars	Yars	0
Yars2	Yars2	0
Ybey	Ybey	0
Yeats4	Yeats4	0
Yif1a	Yif1a	0
Yif1b	Yif1b	0
Yipf3	Yipf3	0
Yipf4	Yipf4	0
Yipf6	Yipf6	0
Ylpm1	Ylpm1	0
Yod1	Yod1	0
Ypel1	Ypel1	0
Ypel2	Ypel2	0
Ypel3	Ypel3	0
Ypel5	Ypel5	0
Yrdc	Yrdc	0
Ythdc2	Ythdc2	0
Ythdf1	Ythdf1	0
Ywhag	Ywhag	0
Ywhah	Ywhah	0
Yy1	Yy1	0
Zbed3	Zbed3	0
Zbed6	Zbed6	0
Zbtb1	Zbtb1	0
Zbtb10	Zbtb10	0
Zbtb11	Zbtb11	0
Zbtb14	Zbtb14	0
Zbtb17	Zbtb17	0
Zbtb21	Zbtb21	0
Zbtb26	Zbtb26	0
Zbtb33	Zbtb33	0
Zbtb38	Zbtb38	0
Zbtb39	Zbtb39	0
Zbtb44	Zbtb44	0
Zbtb48	Zbtb48	0
Zbtb5	Zbtb5	0
Zbtb6	Zbtb6	0
Zc2hc1a	Zc2hc1a	0
Zc3h12c	Zc3h12c	0
Zc3h13	Zc3h13	0
Zc3h14	Zc3h14	0
Zc3h15	Zc3h15	0
Zc3h18	Zc3h18	0
Zc3h4	Zc3h4	0
Zc3h6	Zc3h6	0
Zc3h7a	Zc3h7a	0
Zc3h7b	Zc3h7b	0
Zc3h8	Zc3h8	0
Zc3hav1l	Zc3hav1l	0
Zc3hc1	Zc3hc1	0
Zc4h2	Zc4h2	0
Zcchc10	Zcchc10	0
Zcchc14	Zcchc14	0
Zcchc17	Zcchc17	0
Zcchc2	Zcchc2	0
Zcchc24	Zcchc24	0
Zcchc3	Zcchc3	0
Zcchc4	Zcchc4	0
Zcchc6	Zcchc6	0
Zcchc8	Zcchc8	0
Zcchc9	Zcchc9	0
Zcwpw1	Zcwpw1	0
Zdbf2	Zdbf2	0
Zdhhc13	Zdhhc13	0
Zdhhc17	Zdhhc17	0
Zdhhc2	Zdhhc2	0
Zdhhc21	Zdhhc21	0
Zdhhc4	Zdhhc4	0
Zdhhc6	Zdhhc6	0
Zdhhc7	Zdhhc7	0
Zer1	Zer1	0
Zfand1	Zfand1	0
Zfand2b	Zfand2b	0
Zfand3	Zfand3	0
Zfand5	Zfand5	0
Zfc3h1	Zfc3h1	0
Zfhx2	Zfhx2	0
Zfhx3	Zfhx3	0
Zfhx4	Zfhx4	0
Zfp1	Zfp1	0
Zfp101	Zfp101	0
Zfp106	Zfp106	0
Zfp11	Zfp11	0
Zfp110	Zfp110	0
Zfp111	Zfp111	0
Zfp119a	Zfp119a	0
Zfp12	Zfp12	0
Zfp120	Zfp120	0
Zfp142	Zfp142	0
Zfp143	Zfp143	0
Zfp157	Zfp157	0
Zfp160	Zfp160	0
Zfp180	Zfp180	0
Zfp182	Zfp182	0
Zfp184	Zfp184	0
Zfp2	Zfp2	0
Zfp217	Zfp217	0
Zfp235	Zfp235	0
Zfp236	Zfp236	0
Zfp239	Zfp239	0
Zfp248	Zfp248	0
Zfp251	Zfp251	0
Zfp259	Zfp259	0
Zfp26	Zfp26	0
Zfp263	Zfp263	0
Zfp275	Zfp275	0
Zfp277	Zfp277	0
Zfp28	Zfp28	0
Zfp280d	Zfp280d	0
Zfp282	Zfp282	0
Zfp286	Zfp286	0
Zfp292	Zfp292	0
Zfp316	Zfp316	0
Zfp317	Zfp317	0
Zfp319	Zfp319	0
Zfp322a	Zfp322a	0
Zfp329	Zfp329	0
Zfp330	Zfp330	0
Zfp335	Zfp335	0
Zfp346	Zfp346	0
Zfp35	Zfp35	0
Zfp354c	Zfp354c	0
Zfp358	Zfp358	0
Zfp362	Zfp362	0
Zfp37	Zfp37	0
Zfp383	Zfp383	0
Zfp386	Zfp386	0
Zfp39	Zfp39	0
Zfp397	Zfp397	0
Zfp398	Zfp398	0
Zfp40	Zfp40	0
Zfp407	Zfp407	0
Zfp41	Zfp41	0
Zfp410	Zfp410	0
Zfp414	Zfp414	0
Zfp420	Zfp420	0
Zfp423	Zfp423	0
Zfp426	Zfp426	0
Zfp438	Zfp438	0
Zfp444	Zfp444	0
Zfp445	Zfp445	0
Zfp46	Zfp46	0
Zfp462	Zfp462	0
Zfp467	Zfp467	0
Zfp472	Zfp472	0
Zfp507	Zfp507	0
Zfp51	Zfp51	0
Zfp511	Zfp511	0
Zfp512	Zfp512	0
Zfp518a	Zfp518a	0
Zfp518b	Zfp518b	0
Zfp523	Zfp523	0
Zfp53	Zfp53	0
Zfp553	Zfp553	0
Zfp560	Zfp560	0
Zfp566	Zfp566	0
Zfp57	Zfp57	0
Zfp574	Zfp574	0
Zfp58	Zfp58	0
Zfp580	Zfp580	0
Zfp598	Zfp598	0
Zfp60	Zfp60	0
Zfp605	Zfp605	0
Zfp606	Zfp606	0
Zfp608	Zfp608	0
Zfp61	Zfp61	0
Zfp612	Zfp612	0
Zfp617	Zfp617	0
Zfp619	Zfp619	0
Zfp62	Zfp62	0
Zfp622	Zfp622	0
Zfp629	Zfp629	0
Zfp639	Zfp639	0
Zfp644	Zfp644	0
Zfp646	Zfp646	0
Zfp647	Zfp647	0
Zfp664	Zfp664	0
Zfp667	Zfp667	0
Zfp668	Zfp668	0
Zfp672	Zfp672	0
Zfp689	Zfp689	0
Zfp69	Zfp69	0
Zfp691	Zfp691	0
Zfp692	Zfp692	0
Zfp697	Zfp697	0
Zfp704	Zfp704	0
Zfp707	Zfp707	0
Zfp710	Zfp710	0
Zfp711	Zfp711	0
Zfp719	Zfp719	0
Zfp74	Zfp74	0
Zfp740	Zfp740	0
Zfp746	Zfp746	0
Zfp748	Zfp748	0
Zfp758	Zfp758	0
Zfp760	Zfp760	0
Zfp763	Zfp763	0
Zfp770	Zfp770	0
Zfp772	Zfp772	0
Zfp783	Zfp783	0
Zfp799	Zfp799	0
Zfp800	Zfp800	0
Zfp808	Zfp808	0
Zfp809	Zfp809	0
Zfp81	Zfp81	0
Zfp811	Zfp811	0
Zfp825	Zfp825	0
Zfp827	Zfp827	0
Zfp828	Zfp828	0
Zfp839	Zfp839	0
Zfp84	Zfp84	0
Zfp846	Zfp846	0
Zfp866	Zfp866	0
Zfp867	Zfp867	0
Zfp869	Zfp869	0
Zfp873	Zfp873	0
Zfp882	Zfp882	0
Zfp9	Zfp9	0
Zfp90	Zfp90	0
Zfp91	Zfp91	0
Zfp930	Zfp930	0
Zfp931	Zfp931	0
Zfp932	Zfp932	0
Zfp933	Zfp933	0
Zfp934	Zfp934	0
Zfp935	Zfp935	0
Zfp937	Zfp937	0
Zfp939	Zfp939	0
Zfp942	Zfp942	0
Zfp943	Zfp943	0
Zfp944	Zfp944	0
Zfp946	Zfp946	0
Zfp948	Zfp948	0
Zfp949	Zfp949	0
Zfp952	Zfp952	0
Zfp955a	Zfp955a	0
Zfp956	Zfp956	0
Zfp958	Zfp958	0
Zfp959	Zfp959	0
Zfp961	Zfp961	0
Zfpl1	Zfpl1	0
Zfpm2	Zfpm2	0
Zfx	Zfx	0
Zfyve1	Zfyve1	0
Zfyve16	Zfyve16	0
Zfyve19	Zfyve19	0
Zfyve20	Zfyve20	0
Zfyve21	Zfyve21	0
Zfyve26	Zfyve26	0
Zfyve27	Zfyve27	0
Zhx1	Zhx1	0
Zhx3	Zhx3	0
Zik1	Zik1	0
Zkscan1	Zkscan1	0
Zkscan17	Zkscan17	0
Zkscan3	Zkscan3	0
Zkscan5	Zkscan5	0
Zkscan8	Zkscan8	0
Zmat1	Zmat1	0
Zmat3	Zmat3	0
Zmat5	Zmat5	0
Zmiz2	Zmiz2	0
Zmpste24	Zmpste24	0
Zmym3	Zmym3	0
Zmym6	Zmym6	0
Zmynd8	Zmynd8	0
Znhit3	Znhit3	0
Znhit6	Znhit6	0
Znrd1	Znrd1	0
Znrf1	Znrf1	0
Zranb1	Zranb1	0
Zranb3	Zranb3	0
Zrsr1	Zrsr1	0
Zrsr2	Zrsr2	0
Zscan21	Zscan21	0
Zscan29	Zscan29	0
Zswim4	Zswim4	0
Zswim5	Zswim5	0
Zswim6	Zswim6	0
Zswim8	Zswim8	0
Zufsp	Zufsp	0
Zwint	Zwint	0
Zxdb	Zxdb	0
Zxdc	Zxdc	0
Zyg11b	Zyg11b	0
Zzz3	Zzz3	0
l7Rn6	l7Rn6	0
